File: C:\MED-PC\Data\2024-09-20_09h56m_Subject 4.2.txt


Start Date: 09/20/24
End Date: 09/20/24
Subject: 4.2
Experiment: 
Group: 
Box: 7
Start Time: 09:56:54
End Time: 10:33:23
MSN: 23Nov_C2_omitseparated_ICNB_OMIT_LD_FR1_BothActive_(wOmit_Retract)
C:       0.000
D:      80.000
F:      31.000
G:      49.000
H:       3.000
J:       0.000
K:      31.000
L:      74.000
M:       0.000
N:  169073.000
O:       0.000
R:       0.000
T:       0.000
U:       0.000
W:       1.000
X:      49.000
Y:       0.000
Z:       0.000
A:
     0:        0.000      102.000        0.000        1.000
B:
     0:        0.000       22.000        7.000
E:
     0:        8.980       24.130       42.490       93.060      113.550
     5:      152.680      185.330      197.510      207.920      221.540
    10:      235.340      271.340      282.840      293.810      349.510
    15:      361.460      376.310      389.260      427.590      439.470
    20:      454.250      466.800      478.000      495.890      504.080
    25:      515.550      529.970      541.660      574.440      583.850
    30:      594.600      607.300      625.170      639.500      653.080
    35:      671.100      682.290      702.520      713.300      769.230
    40:      790.950      855.110      873.320      924.870      955.920
    45:      966.390      985.890     1016.640     1028.250     1040.520
    50:     1051.960     1062.210     1072.920     1085.080     1095.900
    55:     1113.910     1147.300     1157.160     1171.120     1187.030
    60:     1196.140     1238.140     1277.150     1290.350     1371.030
    65:     1379.870     1388.090     1425.290     1520.680     1537.940
    70:     1549.680     1568.880     1593.080     1677.980
I:
     0:        0.000       15.400       33.190       49.920       70.040
     5:       82.750      102.070      121.470      141.590      161.510
    10:      181.630      194.000      205.940      217.100      230.580
    15:      243.410      263.530      278.650      292.000      302.620
    20:      322.740      342.860      356.520      370.040      384.450
    25:      397.020      417.140      436.490      448.240      462.850
    30:      475.670      486.940      502.220      512.920      525.000
    35:      539.200      550.470      570.590      581.120      591.940
    40:      603.500      616.000      634.310      648.600      660.840
    45:      680.350      691.600      710.500      721.380      778.470
    50:      792.280      863.130      881.260      933.850      953.970
    55:      964.700      975.400      990.830     1010.950     1024.030
    60:     1036.990     1048.870     1060.920     1071.420     1082.100
    65:     1094.450     1104.980     1121.930     1142.050     1154.380
    70:     1166.070     1180.240     1193.480     1204.980     1218.280
    75:     1229.050     1249.170     1269.290     1285.630     1299.590
    80:     1319.710     1335.580     1350.400     1370.320     1386.720
    85:     1397.240     1417.360     1434.560     1451.840     1471.960
    90:     1492.080     1512.200     1529.760     1546.780     1557.760
    95:     1577.670     1594.770     1614.890     1635.010     1655.130
   100:     1675.250     1687.090
P:
     0:       60.030      131.580      171.620      253.520      312.730
     5:      332.850      407.130      560.580      943.960     1000.940
    10:     1132.040     1239.160     1259.280     1309.700     1407.350
    15:     1461.950     1482.070     1502.190     1604.880     1625.000
    20:     1645.120     1665.240
Q:
     0:        5.390       39.910       72.740      151.500      195.930
     5:      207.090      220.570      233.400      268.640      281.990
    10:      292.610      360.030      374.440      387.010      438.230
    15:      514.990      529.190      540.460      581.930      593.490
    20:      605.990      624.300      638.590      650.830      670.340
    25:      681.590      700.490      711.360      965.390     1038.860
    30:     1050.910     1061.410     1072.090     1084.440     1094.970
    35:     1170.230     1183.470     1219.040     1289.580     1325.570
    40:     1340.390     1387.230     1424.550     1519.750     1536.770
    45:     1547.750     1584.760     1677.080     1690.710
S:
     0:      731.390      751.400      802.290      822.300      842.310
     5:      891.270      911.280
V:
     0:       23.180       92.060      111.460      183.990      346.510
     5:      426.480      452.840      465.660      476.930      492.210
    10:      502.910      571.110      768.450      782.260      853.110
    15:      871.240      923.830      954.690      980.820     1014.020
    20:     1026.980     1111.920     1144.370     1156.060     1194.970
    25:     1208.270     1275.620     1360.310     1376.710     1441.830
    30:     1567.660
