File: C:\MED-PC\Data\2024-09-19_11h10m_Subject 5.4.txt


Start Date: 09/19/24
End Date: 09/19/24
Subject: 5.4
Experiment: 
Group: 
Box: 11
Start Time: 11:10:25
End Time: 11:57:13
MSN: 23Nov_C2_omitseparated_ICNB_OMIT_LD_FR1_BothActive_(wOmit_Retract)
C:       0.000
D:      80.000
F:      59.000
G:      21.000
H:       0.000
J:       0.000
K:      59.000
L:      76.000
M:       0.000
N:  166230.000
O:       0.000
R:       0.000
T:       0.000
U:       3.000
W:       1.000
X:      21.000
Y:       0.000
Z:       0.000
A:
     0:        0.000       96.000        1.000        0.000
B:
     0:        0.000       16.000       16.000
E:
     0:       43.920       75.570      111.800      168.770      181.560
     5:      191.650      210.110      222.970      246.820      253.040
    10:      265.320      324.890      331.260      368.040      400.520
    15:      413.650      430.520      442.600      455.770      465.160
    20:      499.860      511.150      524.060      534.700      546.440
    25:      561.190      572.500      605.980      615.700      627.450
    30:      638.480      648.710      676.190      717.290      729.480
    35:      742.910      755.060      765.760      779.180      789.800
    40:      808.300      817.270      829.040      842.720      853.510
    45:      864.710      880.770      896.630      912.520      924.710
    50:      941.640      954.190      964.670      995.420     1008.500
    55:     1020.400     1031.860     1042.770     1054.020     1064.970
    60:     1078.840     1087.960     1117.560     1133.240     1142.890
    65:     1153.690     1233.770     1423.900     1455.420     1467.800
    70:     1545.200     1555.340     1565.170     1581.770     1610.040
    75:     1649.820
I:
     0:        0.000       20.120       40.240       52.440       72.560
     5:       84.170      104.290      119.820      139.940      160.060
    10:      176.920      189.420      200.150      217.610      231.180
    15:      251.200      261.650      274.140      294.260      314.380
    20:      325.880      337.830      357.950      376.730      396.850
    25:      409.230      422.080      438.930      451.460      463.270
    30:      473.730      493.850      508.830      519.970      532.150
    35:      543.540      555.550      567.560      579.480      599.600
    40:      614.290      624.780      635.880      646.800      657.440
    45:      671.830      691.950      712.070      726.120      738.080
    50:      751.950      763.820      774.520      788.240      798.910
    55:      815.440      826.180      838.130      850.890      861.870
    60:      872.650      889.700      905.560      921.150      933.170
    65:      950.040      962.890      973.560      993.680     1004.340
    70:     1016.850     1029.170     1040.330     1050.830     1061.530
    75:     1073.620     1086.160     1096.650     1110.400     1126.440
    80:     1140.860     1151.460     1162.210     1241.650     1432.440
    85:     1443.180     1475.990     1552.080     1563.090     1573.670
    90:     1584.680     1595.710     1606.280     1619.220     1639.340
    95:     1658.360
P:
     0:       10.110       30.230       62.550       94.280      129.930
     5:      150.050      284.250      304.370      347.940      386.840
    10:      483.840      589.590      681.940      702.060      983.670
    15:     1629.330
Q:
     0:      241.190      327.820      522.140      545.540      557.550
     5:      569.470      625.870      636.790      661.820      805.430
    10:      816.170      851.860      923.160     1019.160     1030.320
    15:     1231.630     1422.420     1433.160     1465.970     1542.060
    20:     1596.270
S:
     0:     1172.220     1192.230     1212.240     1251.660     1271.670
     5:     1291.680     1311.690     1331.700     1351.710     1371.720
    10:     1391.730     1411.740     1453.190     1486.000     1506.010
    15:     1526.020
V:
     0:       42.430       74.160      109.810      166.910      179.410
     5:      190.140      207.600      221.170      251.640      264.130
    10:      315.870      366.720      399.220      412.070      428.920
    15:      441.450      453.260      463.720      498.820      509.960
    20:      533.530      604.280      614.770      647.430      716.110
    25:      728.070      741.940      753.810      764.510      778.230
    30:      788.900      828.120      840.880      862.640      879.690
    35:      895.550      911.140      940.030      952.880      963.550
    40:      994.330     1006.840     1040.820     1051.520     1063.610
    45:     1076.150     1086.640     1100.390     1116.430     1130.850
    50:     1141.450     1152.190     1553.080     1563.660     1574.670
    55:     1585.700     1609.210     1648.350     1662.280
