File: C:\MED-PC\Data\2024-09-18_11h14m_Subject 3.3.txt


Start Date: 09/18/24
End Date: 09/18/24
Subject: 3.3
Experiment: 
Group: 
Box: 6
Start Time: 11:14:44
End Time: 12:01:38
MSN: 23Nov_B_ICNB_LD_FR1_BothActive_(wRetraction)_60min_80reward_b
B:       0.000
C:       0.000
D:      80.000
F:      44.000
G:      36.000
H:       2.000
J:       0.000
K:      44.000
L:      61.000
M:       0.000
N:  244785.000
O:       1.000
P:       0.000
R:       0.000
S:       0.000
T:       0.000
U:       0.000
W:       1.000
X:      36.000
Y:       0.000
Z:       0.000
A:
     0:        0.000       80.000        0.000        0.000
E:
     0:       24.580      120.320      158.030      204.540      252.810
     5:      286.320      312.230      375.350      420.940      500.760
    10:      519.350      548.510      595.220      613.580      623.970
    15:      652.510      670.610      696.190      716.720      756.510
    20:      770.840      854.090      866.080      964.960     1002.000
    25:     1045.200     1069.970     1086.590     1115.350     1149.170
    30:     1186.900     1206.920     1315.920     1366.500     1402.710
    35:     1426.650     1461.700     1535.090     1549.700     1582.060
    40:     1599.000     1621.280     1640.740     1700.490     1743.890
    45:     1808.460     1832.870     1877.200     1888.670     1910.570
    50:     1936.110     2070.640     2098.430     2210.610     2257.560
    55:     2282.310     2307.600     2339.020     2360.150     2393.280
    60:     2402.410
I:
     0:        0.000       17.230       74.610      119.160      154.310
     5:      184.420      210.520      227.830      244.590      259.940
    10:      274.840      306.670      378.730      394.260      485.410
    15:      499.050      523.310      550.010      579.750      610.750
    20:      633.010      644.890      669.640      692.550      712.000
    25:      744.790      765.210      777.330      860.240      871.450
    30:      972.410     1003.220     1024.840     1051.660     1069.530
    35:     1091.990     1123.640     1153.760     1179.880     1206.680
    40:     1290.560     1308.620     1356.980     1374.050     1392.680
    45:     1425.930     1459.360     1529.540     1543.510     1557.920
    50:     1575.710     1587.180     1601.510     1619.060     1647.560
    55:     1692.380     1734.120     1750.790     1795.180     1807.600
    60:     1826.230     1837.610     1873.260     1889.730     1915.170
    65:     1926.040     1944.150     2038.200     2073.410     2088.750
    70:     2106.590     2216.020     2258.590     2274.230     2290.950
    75:     2314.060     2342.800     2363.930     2395.510     2408.660
Q:
     0:      174.400      217.810      264.820      368.710      384.240
     5:      489.030      622.990      634.870      659.620      701.980
    10:      734.770      767.310      850.220      993.200     1014.820
    15:     1059.510     1143.740     1169.860     1196.660     1280.540
    20:     1346.960     1415.910     1449.340     1565.690     1591.490
    25:     1682.360     1724.100     1816.210     1863.240     1879.710
    30:     1916.020     2028.180     2078.730     2264.210     2398.640
    35:     2447.830
V:
     0:        7.210       64.590      109.140      144.290      200.500
     5:      234.570      249.920      296.650      475.390      513.290
    10:      539.990      569.730      600.730      682.530      755.190
    15:      861.430      962.390     1041.640     1081.970     1113.620
    20:     1298.600     1364.030     1382.660     1519.520     1533.490
    25:     1547.900     1577.160     1609.040     1637.540     1740.770
    30:     1785.160     1797.580     1827.590     1905.150     1934.130
    35:     2063.390     2096.570     2206.000     2248.570     2280.930
    40:     2304.040     2332.780     2353.910     2385.490
