File: C:\MED-PC\Data\2024-09-25_10h37m_Subject 3.1.txt


Start Date: 09/25/24
End Date: 09/25/24
Subject: 3.1
Experiment: HGFPilot3_2024
Group: 
Box: 4
Start Time: 10:37:24
End Time: 11:08:47
MSN: 23Nov_C2_omitseparated_ICNB_OMIT_LD_FR1_BothActive_(wOmit_Retract)
C:       0.000
D:      80.000
F:      55.000
G:      25.000
H:       0.000
J:       0.000
K:      55.000
L:      75.000
M:       0.000
N:  157181.000
O:       0.000
R:       0.000
T:       0.000
U:       3.000
W:       1.000
X:      25.000
Y:       0.000
Z:       0.000
A:
     0:        0.000      101.000        1.000        0.000
B:
     0:        0.000       21.000        4.000
E:
     0:       23.300       38.040       75.380       86.430       99.170
     5:      109.510      120.790      132.530      144.790      158.960
    10:      169.890      180.540      198.130      208.840      220.450
    15:      238.620      249.180      273.870      291.430      301.370
    20:      326.380      346.050      352.000      363.960      377.870
    25:      410.920      426.070      436.120      448.170      459.210
    30:      473.890      486.460      523.410      537.490      548.870
    35:      579.500      598.320      694.940      708.780      723.700
    40:      760.250      774.000      806.990      817.890      832.810
    45:      871.080      886.140      896.220      909.130      919.490
    50:      933.090      962.190      972.180      991.520     1007.900
    55:     1019.990     1032.790     1045.110     1141.080     1231.340
    60:     1242.070     1258.080     1329.270     1345.200     1359.670
    65:     1378.600     1410.510     1430.380     1441.110     1478.020
    70:     1494.850     1512.960     1524.790     1545.920     1561.230
I:
     0:        0.000       20.120       31.450       46.940       67.060
     5:       84.420       95.360      106.910      118.480      129.250
    10:      141.190      153.420      166.250      178.330      189.400
    15:      207.210      217.750      228.640      247.650      258.210
    20:      268.710      288.830      299.890      310.620      324.770
    25:      335.480      346.230      361.090      372.190      386.970
    30:      407.090      420.170      434.570      445.110      457.230
    35:      468.240      483.170      495.510      515.630      532.040
    40:      546.130      557.900      578.020      588.730      607.410
    45:      684.750      704.180      715.310      728.910      768.780
    50:      782.010      802.130      813.970      826.840      842.060
    55:      862.180      880.100      893.860      904.770      916.210
    60:      928.060      942.010      952.950      969.970      980.680
    65:     1000.230     1016.970     1028.930     1042.070     1054.180
    70:     1074.300     1094.420     1114.540     1134.660     1149.220
    75:     1169.340     1189.460     1209.580     1229.700     1240.450
    80:     1251.180     1267.310     1287.430     1307.550     1327.670
    85:     1338.350     1353.410     1368.820     1387.570     1407.690
    90:     1419.610     1439.010     1450.110     1470.230     1487.180
    95:     1503.690     1522.240     1533.550     1544.410     1554.950
   100:     1570.000
P:
     0:       10.110       57.050      278.820      397.080      505.620
     5:      568.010      792.120      852.170     1064.290     1084.410
    10:     1104.530     1124.650     1159.330     1179.450     1199.570
    15:     1219.690     1277.420     1297.540     1317.660     1397.680
    20:     1460.220
Q:
     0:      156.240      168.320      179.390      289.880      314.760
     5:      336.220      362.180      424.560      674.730      694.160
    10:      705.290      718.890      758.760      772.000      803.960
    15:      918.050      942.940      970.670     1044.170     1139.210
    20:     1257.300     1343.400     1429.000     1523.540     1534.400
S:
     0:      617.420      637.430      657.440      738.920
V:
     0:       21.440       36.930       74.410       85.350       96.900
     5:      108.470      119.240      131.180      143.410      197.200
    10:      207.740      218.630      237.640      248.200      258.700
    15:      300.610      325.470      351.080      376.960      410.160
    20:      435.100      447.220      458.230      473.160      485.500
    25:      522.030      536.120      547.890      578.720      597.390
    30:      816.830      832.050      870.090      883.850      894.760
    35:      906.200      932.000      959.960      990.220     1006.960
    40:     1018.920     1032.060     1230.440     1241.170     1328.340
    45:     1358.810     1377.560     1409.600     1440.100     1477.170
    50:     1493.680     1512.230     1544.940     1559.990     1571.790
