File: C:\MED-PC\Data\2023-11-26_12h34m_Subject 434.txt


Start Date: 11/26/23
End Date: 11/26/23
Subject: 434
Experiment: UCMS2HGF
Group: 
Box: 12
Start Time: 12:34:09
End Time: 12:59:17
MSN: 23Nov_C_ICNB_OMIT_LD_FR1_BothActive_(wOmit_Retract)
A:     104.000
B:      24.000
C:       0.000
D:      80.000
F:       0.000
G:       0.000
H:       0.000
J:       0.000
K:      31.000
L:      51.000
M:       0.000
N:  150191.000
O:       0.000
R:       0.000
S:       0.000
T:       0.000
U:       1.000
W:       1.000
X:      49.000
Y:       0.000
Z:       0.000
E:
     0:        6.850       19.450       25.970       37.210       49.520
     5:      103.160      116.680      155.510      170.300      209.710
    10:      225.750      240.100      250.620      272.040      283.740
    15:      303.140      315.260      346.210      357.540      396.080
    20:      426.570      439.900      447.620      508.030      536.750
    25:      540.900      593.690      604.080      646.350      667.800
    30:      679.380      700.710      724.310      736.090      752.450
    35:      779.120      813.060      836.400      857.560      869.120
    40:      906.830      980.200     1060.910     1072.580     1216.060
    45:     1238.680     1249.760     1343.470     1376.060     1429.100
    50:     1479.950
I:
     0:        0.000        0.100       13.730       24.450       35.200
     5:       46.520       57.220       77.340       97.460      108.450
    10:      125.610      145.730      165.000      179.250      199.370
    15:      219.180      233.930      249.130      259.690      275.150
    20:      291.410      301.780      312.520      324.430      334.890
    25:      355.010      366.910      380.590      393.480      405.400
    30:      425.520      436.060      446.570      457.010      477.130
    35:      488.980      506.810      517.340      537.060      550.330
    40:      570.450      590.570      603.080      613.590      633.710
    45:      644.180      655.850      666.870      677.400      688.390
    50:      699.780      710.280      721.570      733.590      744.810
    55:      761.760      772.600      788.040      800.610      811.040
    60:      821.490      834.470      845.660      856.340      866.940
    65:      878.530      898.650      916.000      936.120      946.980
    70:      967.100      977.970      998.090     1018.210     1038.330
    75:     1058.450     1069.080     1081.880     1102.000     1120.800
    80:     1136.220     1156.340     1166.920     1177.450     1197.570
    85:     1209.020     1225.280     1235.720     1247.860     1258.950
    90:     1269.410     1289.530     1309.650     1329.770     1341.530
    95:     1352.720     1366.900     1384.680     1404.660     1422.080
   100:     1438.100     1448.790     1461.960     1480.970     1501.090
   105:        0.000        0.000        0.000        0.000        0.000
   110:        0.000        0.000        0.000        0.000        0.000
   115:        0.000        0.000        0.000        0.000        0.000
   120:        0.000
P:
     0:        0.000        0.000        0.000        0.000        0.000
     5:        0.000        0.000        0.000        0.000        0.000
    10:        0.000        0.000        0.000        0.000        0.000
    15:        0.000        0.000        0.000        0.000        0.000
    20:        0.000        0.000        0.000        0.000        0.000
    25:        0.000        0.000        0.000        0.000        0.000
    30:        0.000        0.000        0.000        0.000        0.000
    35:        0.000        0.000        0.000        0.000        0.000
    40:        0.000        0.000        0.000        0.000        0.000
    45:        0.000        0.000        0.000        0.000        0.000
    50:        0.000        0.000        0.000        0.000        0.000
    55:        0.000        0.000        0.000        0.000        0.000
    60:        0.000        0.000        0.000        0.000        0.000
    65:        0.000        0.000        0.000        0.000        0.000
    70:        0.000        0.000        0.000        0.000        0.000
    75:        0.000        0.000        0.000        0.000        0.000
    80:        0.000
Q:
     0:     1470.870        0.000        0.000        0.000        0.000
     5:        0.000        0.000        0.000        0.000        0.000
    10:        0.000        0.000        0.000        0.000        0.000
    15:        0.000        0.000        0.000        0.000        0.000
    20:        0.000        0.000        0.000        0.000        0.000
    25:        0.000        0.000        0.000        0.000        0.000
    30:        0.000        0.000        0.000        0.000        0.000
    35:        0.000        0.000        0.000        0.000        0.000
    40:        0.000        0.000        0.000        0.000        0.000
    45:        0.000        0.000        0.000        0.000        0.000
    50:        0.000        0.000        0.000        0.000        0.000
    55:        0.000        0.000        0.000        0.000        0.000
    60:        0.000        0.000        0.000        0.000        0.000
    65:        0.000        0.000        0.000        0.000        0.000
    70:        0.000        0.000        0.000        0.000        0.000
    75:        0.000        0.000        0.000        0.000        0.000
    80:        0.000        0.000        0.000        0.000        0.000
    85:        0.000        0.000        0.000        0.000        0.000
    90:        0.000        0.000        0.000        0.000        0.000
    95:        0.000        0.000        0.000        0.000        0.000
   100:        0.000        0.000        0.000        0.000        0.000
   105:        0.000        0.000        0.000        0.000        0.000
   110:        0.000        0.000        0.000        0.000        0.000
   115:        0.000        0.000        0.000        0.000        0.000
   120:        0.000
V:
     0:     1501.900        0.000        0.000        0.000        0.000
     5:        0.000        0.000        0.000        0.000        0.000
    10:        0.000        0.000        0.000        0.000        0.000
    15:        0.000        0.000        0.000        0.000        0.000
    20:        0.000        0.000        0.000        0.000        0.000
    25:        0.000        0.000        0.000        0.000        0.000
    30:        0.000        0.000        0.000        0.000        0.000
    35:        0.000        0.000        0.000        0.000        0.000
    40:        0.000        0.000        0.000        0.000        0.000
    45:        0.000        0.000        0.000        0.000        0.000
    50:        0.000        0.000        0.000        0.000        0.000
    55:        0.000        0.000        0.000        0.000        0.000
    60:        0.000        0.000        0.000        0.000        0.000
    65:        0.000        0.000        0.000        0.000        0.000
    70:        0.000        0.000        0.000        0.000        0.000
    75:        0.000        0.000        0.000        0.000        0.000
    80:        0.000        0.000        0.000        0.000        0.000
    85:        0.000        0.000        0.000        0.000        0.000
    90:        0.000        0.000        0.000        0.000        0.000
    95:        0.000        0.000        0.000        0.000        0.000
   100:        0.000        0.000        0.000        0.000        0.000
   105:        0.000        0.000        0.000        0.000        0.000
   110:        0.000        0.000        0.000        0.000        0.000
   115:        0.000        0.000        0.000        0.000        0.000
   120:        0.000
