File: C:\MED-PC\Data\2025-01-27_13h18m_Subject 4.4.txt


Start Date: 01/27/25
End Date: 01/27/25
Subject: 4.4
Experiment: 5HT
Group: 
Box: 10
Start Time: 13:18:49
End Time: 13:45:14
MSN: LD_FR1_RightLever_30min_40reward_LeftLever_30min_40reward
A:      80.000
B:       0.000
C:       0.000
D:      80.000
F:       0.000
G:       0.000
H:       0.000
J:       0.000
K:      40.000
L:      47.000
M:       0.000
N:  157845.000
O:       0.000
P:       0.000
R:       0.000
S:       0.000
T:       0.000
U:       0.000
W:       0.000
X:      40.000
Y:       0.000
Z:       0.000
E:
     0:       80.340      125.770      160.190      215.870      241.080
     5:      259.960      272.820      290.570      312.530      321.060
    10:      334.590      343.460      406.410      430.020      486.380
    15:      518.290      556.730      576.760      610.420      649.530
    20:      679.040      735.870      769.310      805.330      831.420
    25:      849.000      868.240      886.180      903.850      916.410
    30:      944.570      964.340     1002.340     1029.510     1114.650
    35:     1134.280     1194.410     1268.280     1298.380     1367.530
    40:     1396.070     1406.050     1417.950     1435.740     1464.320
    45:     1525.620     1573.930
I:
     0:        0.000        0.100       11.290       16.770       21.970
     5:       25.630       35.720       39.700       52.800       57.770
    10:       72.170       79.200      117.210      120.760      125.430
    15:      159.740      214.700      238.570      242.100      257.410
    20:      272.080      290.250      312.640      321.470      328.740
    25:      341.150      357.080      361.320      364.790      369.360
    30:      373.330      377.530      381.150      384.840      389.360
    35:      394.220      397.480      401.970      406.900      429.890
    40:      471.400      511.340      552.700      556.690      572.220
    45:      579.090      612.120      650.580      674.050      728.820
    50:      732.110      737.740      754.430      804.700      817.000
    55:      849.590      869.950      882.410      886.890      905.260
    60:      915.830      945.910      966.300     1003.260     1031.200
    65:     1116.440     1133.070     1182.780     1242.800     1298.830
    70:     1359.970     1395.580     1403.770     1416.890     1437.440
    75:     1453.110     1465.500     1501.620     1521.900     1526.830
    80:     1560.110
Q:
     0:     1578.430        0.000        0.000        0.000        0.000
     5:        0.000        0.000        0.000        0.000        0.000
    10:        0.000        0.000        0.000        0.000        0.000
    15:        0.000        0.000        0.000        0.000        0.000
    20:        0.000        0.000        0.000        0.000        0.000
    25:        0.000        0.000        0.000        0.000        0.000
    30:        0.000        0.000        0.000        0.000        0.000
    35:        0.000        0.000        0.000        0.000        0.000
    40:        0.000        0.000        0.000        0.000        0.000
    45:        0.000        0.000        0.000        0.000        0.000
    50:        0.000        0.000        0.000        0.000        0.000
    55:        0.000        0.000        0.000        0.000        0.000
    60:        0.000        0.000        0.000        0.000        0.000
    65:        0.000        0.000        0.000        0.000        0.000
    70:        0.000        0.000        0.000        0.000        0.000
    75:        0.000        0.000        0.000        0.000        0.000
    80:        0.000
V:
     0:        0.000        0.000        0.000        0.000        0.000
     5:        0.000        0.000        0.000        0.000        0.000
    10:        0.000        0.000        0.000        0.000        0.000
    15:        0.000        0.000        0.000        0.000        0.000
    20:        0.000        0.000        0.000        0.000        0.000
    25:        0.000        0.000        0.000        0.000        0.000
    30:        0.000        0.000        0.000        0.000        0.000
    35:        0.000        0.000        0.000        0.000        0.000
    40:        0.000        0.000        0.000        0.000        0.000
    45:        0.000        0.000        0.000        0.000        0.000
    50:        0.000        0.000        0.000        0.000        0.000
    55:        0.000        0.000        0.000        0.000        0.000
    60:        0.000        0.000        0.000        0.000        0.000
    65:        0.000        0.000        0.000        0.000        0.000
    70:        0.000        0.000        0.000        0.000        0.000
    75:        0.000        0.000        0.000        0.000        0.000
    80:        0.000
