File: C:\MED-PC\Data\2025-01-23_13h16m_Subject 6.3.txt


Start Date: 01/23/25
End Date: 01/23/25
Subject: 6.3
Experiment: 5HT
Group: 
Box: 11
Start Time: 13:16:34
End Time: 13:46:39
MSN: 24Jan_IC_MagTrain_10min_plus20min
A:      20.000
C:       0.000
E:       0.000
F:       0.000
G:       0.000
H:       0.000
I:       0.000
J:       0.000
K:      20.000
L:       0.000
M:       0.000
N:  180001.000
O:       0.000
P:       0.000
Q:     174.000
R:       0.000
S:       0.000
T:     174.000
U:       0.000
V:       0.000
W:       0.000
X:       0.000
Y:       0.000
Z:       0.000
B:
     0:       12.010       52.850       63.520      109.820      145.860
     5:      158.450      186.330      222.580      257.010      278.480
    10:      310.030      334.980      364.850      407.110      422.720
    15:      458.950      486.870      515.700      546.730      573.990
D:
     0:       12.020       16.060       17.370       18.770       20.060
     5:       23.480       28.430       52.860       57.970       59.610
    10:       63.530       69.010       71.230       79.180       87.060
    15:      109.830      116.550      117.080      117.750      119.710
    20:      120.150      145.870      149.670      149.990      158.460
    25:      161.430      162.790      172.570      186.340      198.020
    30:      222.590      225.900      226.040      226.080      226.200
    35:      226.640      257.020      260.510      261.710      262.170
    40:      265.860      278.490      278.510      285.540      286.960
    45:      310.040      334.990      338.810      340.260      345.750
    50:      364.860      370.880      371.910      375.410      379.460
    55:      381.900      385.910      407.120      416.860      417.110
    60:      417.130      418.510      422.730      424.130      444.240
    65:      458.960      471.060      471.470      486.880      486.980
    70:      491.000      515.710      546.740      552.880      561.620
    75:      574.000      577.910      583.290      600.940      624.550
    80:      626.580      645.180      645.270      692.180      708.930
    85:      710.900      711.630      721.060      733.410      733.790
    90:      738.070      739.730      740.640      753.570      757.400
    95:      758.050      762.560      766.440      769.580      770.690
   100:      771.810      779.630      780.740      780.810      785.270
   105:      796.100      798.950      808.920      809.530      810.160
   110:      829.020      842.260      857.120      873.680      878.740
   115:      953.050      963.110      978.060     1012.160     1033.090
   120:     1033.170     1037.860     1038.340     1039.100     1047.060
   125:     1059.880     1060.320     1063.590     1065.850     1072.630
   130:     1094.510     1107.470     1120.780     1129.820     1130.370
   135:     1130.950     1145.620     1172.990     1173.510     1216.720
   140:     1217.040     1245.510     1306.030     1310.590     1312.260
   145:     1328.170     1386.690     1394.940     1403.990     1404.770
   150:     1429.110     1430.040     1444.850     1451.930     1464.850
   155:     1467.670     1473.000     1479.740     1496.080     1496.410
   160:     1497.210     1511.450     1541.370     1542.820     1554.760
   165:     1590.390     1652.330     1653.860     1665.380     1698.610
   170:     1747.350     1778.050     1778.710     1778.730
