File: C:\MED-PC\Data\2025-01-24_12h34m_Subject 2.1.txt


Start Date: 01/24/25
End Date: 01/24/25
Subject: 2.1
Experiment: 5HT
Group: 
Box: 5
Start Time: 12:34:35
End Time: 13:34:41
MSN: LD_FR1_LeftLever_30min_40reward_RightLever_30min_40reward
A:      35.000
B:       0.000
C:       0.000
D:      34.000
F:       0.000
G:       0.000
H:       0.000
J:       0.000
K:      34.000
L:      18.000
M:       0.000
N:  360001.000
O:       0.000
P:       0.000
R:       0.000
S:       0.000
T:       0.000
U:       0.000
W:       0.000
X:       0.000
Y:       0.000
Z:       0.000
E:
     0:      585.660      744.890     1370.420     1546.520     1862.730
     5:     1958.570     1993.080     2477.760     2549.110     2670.010
    10:     2831.490     3146.170     3217.680     3288.520     3403.210
    15:     3452.080     3492.660     3566.150
I:
     0:        0.000        0.100      209.270      365.730      499.240
     5:      743.710      952.800      979.670     1239.240     1247.530
    10:     1355.380     1368.810     1389.190     1453.760     1504.260
    15:     1520.070     1851.040     1856.380     1943.350     1990.570
    20:     2473.850     2477.620     2547.380     2663.010     2695.150
    25:     2825.600     3122.480     3128.870     3215.030     3283.990
    30:     3287.600     3388.830     3448.340     3476.410     3493.100
    35:     3563.150        0.000        0.000        0.000        0.000
    40:        0.000        0.000        0.000        0.000        0.000
    45:        0.000        0.000        0.000        0.000        0.000
    50:        0.000        0.000        0.000        0.000        0.000
    55:        0.000        0.000        0.000        0.000        0.000
    60:        0.000        0.000        0.000        0.000        0.000
    65:        0.000        0.000        0.000        0.000        0.000
    70:        0.000        0.000        0.000        0.000        0.000
    75:        0.000        0.000        0.000        0.000        0.000
    80:        0.000
Q:
     0:     3560.040        0.000        0.000        0.000        0.000
     5:        0.000        0.000        0.000        0.000        0.000
    10:        0.000        0.000        0.000        0.000        0.000
    15:        0.000        0.000        0.000        0.000        0.000
    20:        0.000        0.000        0.000        0.000        0.000
    25:        0.000        0.000        0.000        0.000        0.000
    30:        0.000        0.000        0.000        0.000        0.000
    35:        0.000        0.000        0.000        0.000        0.000
    40:        0.000        0.000        0.000        0.000        0.000
    45:        0.000        0.000        0.000        0.000        0.000
    50:        0.000        0.000        0.000        0.000        0.000
    55:        0.000        0.000        0.000        0.000        0.000
    60:        0.000        0.000        0.000        0.000        0.000
    65:        0.000        0.000        0.000        0.000        0.000
    70:        0.000        0.000        0.000        0.000        0.000
    75:        0.000        0.000        0.000        0.000        0.000
    80:        0.000
V:
     0:        0.000        0.000        0.000        0.000        0.000
     5:        0.000        0.000        0.000        0.000        0.000
    10:        0.000        0.000        0.000        0.000        0.000
    15:        0.000        0.000        0.000        0.000        0.000
    20:        0.000        0.000        0.000        0.000        0.000
    25:        0.000        0.000        0.000        0.000        0.000
    30:        0.000        0.000        0.000        0.000        0.000
    35:        0.000        0.000        0.000        0.000        0.000
    40:        0.000        0.000        0.000        0.000        0.000
    45:        0.000        0.000        0.000        0.000        0.000
    50:        0.000        0.000        0.000        0.000        0.000
    55:        0.000        0.000        0.000        0.000        0.000
    60:        0.000        0.000        0.000        0.000        0.000
    65:        0.000        0.000        0.000        0.000        0.000
    70:        0.000        0.000        0.000        0.000        0.000
    75:        0.000        0.000        0.000        0.000        0.000
    80:        0.000
