File: C:\MED-PC\Data\2025-02-04_13h33m_Subject 6.3.txt


Start Date: 02/04/25
End Date: 02/04/25
Subject: 6.3
Experiment: 5HT
Group: 
Box: 11
Start Time: 13:33:25
End Time: 13:52:17
MSN: 25_IC_FR1_BothActive_Retract_Omit_60min_80reward
D:      80.000
F:      48.000
G:      32.000
H:       2.000
J:       0.000
K:      48.000
L:      63.000
M:       0.000
N:  112321.000
O:       0.000
R:       0.000
T:       0.000
U:       0.000
W:       1.000
X:      32.000
Y:       0.000
Z:       0.000
A:
     0:        0.000      111.000        1.000        0.000      400.000
     5:      200.000
B:
     0:        0.000       19.000       12.000
C:
     0:        4.000        5.000        6.000
E:
     0:        5.050       13.450       25.770       34.890       43.080
     5:       53.150       66.520       70.750       75.720       81.430
    10:       92.660       98.100      103.450      111.660      123.560
    15:      132.790      141.960      149.090      160.490      166.590
    20:      172.980      179.390      194.730      232.880      254.340
    25:      266.180      279.050      285.430      290.880      297.970
    30:      309.380      316.550      323.960      330.140      349.540
    35:      398.920      411.600      418.510      427.200      437.190
    40:      444.220      513.860      522.190      532.730      538.330
    45:      544.570      556.650      567.520      580.820      602.100
    50:      615.440      631.540      656.690      695.770      755.240
    55:      790.410      850.760      912.230      926.640      969.590
    60:     1021.900     1072.920     1096.790
I:
     0:        0.000       10.010       17.570       30.550       38.150
     5:       48.340       58.270       69.560       74.120       78.950
    10:       86.280       96.520      101.030      108.270      116.280
    15:      128.430      136.390      144.320      153.740      164.230
    20:      171.190      176.820      183.840      197.240      212.360
    25:      227.480      236.910      253.030      258.650      271.480
    30:      284.000      288.450      293.970      300.580      314.280
    35:      320.720      326.310      334.000      340.520      356.640
    40:      372.760      388.880      402.470      416.580      423.200
    45:      430.470      441.800      447.230      463.350      478.470
    50:      494.590      509.710      517.980      526.420      536.970
    55:      542.560      547.410      555.900      567.270      581.380
    60:      596.500      601.120      616.360      624.900      629.380
    65:      634.910      648.240      653.730      659.190      675.310
    70:      687.360      695.760      709.880      719.500      726.160
    75:      739.170      752.180      765.190      778.200      788.100
    80:      801.110      814.120      827.130      840.140      854.660
    85:      867.670      880.680      893.690      906.700      916.050
    90:      922.860      925.320      941.440      947.940      953.400
    95:      966.560      974.220      988.340     1003.460     1014.720
   100:     1021.710     1036.830     1046.700     1052.180     1067.300
   105:     1072.080     1081.550     1095.670     1103.290     1113.010
   110:     1119.290
P:
     0:      207.350      222.470      247.020      350.630      366.750
     5:      382.870      457.340      473.460      488.580      504.700
    10:      591.490      669.300      705.870      935.430      984.330
    15:      998.450     1031.820     1062.290     1091.660
Q:
     0:       24.540       52.260       65.550       70.110      140.310
     5:      147.730      159.220      165.180      171.810      177.830
    10:      193.230      265.470      308.270      322.300      335.510
    15:      410.570      425.460      512.970      521.410      550.890
    20:      577.370      610.350      783.080      849.640      911.030
    25:      917.840      923.300      962.550      968.210     1068.070
    30:     1115.280     1120.190
S:
     0:      736.170      749.180      762.190      775.200      798.110
     5:      811.120      824.130      837.140      864.670      877.680
    10:      890.690      903.700
V:
     0:        4.000       12.560       34.140       42.330       74.940
     5:       80.270       91.510       97.020      102.260      110.270
    10:      122.420      131.380      231.900      253.640      277.990
    15:      284.440      289.960      294.570      314.710      327.990
    20:      397.460      417.190      435.790      442.220      531.960
    25:      537.550      543.400      562.260      597.110      618.890
    30:      625.370      629.900      644.230      648.720      654.180
    35:      681.350      690.750      715.490      723.150      941.930
    40:      948.390     1008.710     1015.700     1041.690     1047.170
    45:     1076.540     1098.280     1107.000
