File: C:\MED-PC\Data\2025-01-24_12h34m_Subject 4.3.txt


Start Date: 01/24/25
End Date: 01/24/25
Subject: 4.3
Experiment: 5HT
Group: 
Box: 9
Start Time: 12:34:35
End Time: 13:34:41
MSN: LD_FR1_LeftLever_30min_40reward_RightLever_30min_40reward
A:      46.000
B:       0.000
C:       0.000
D:      45.000
F:       0.000
G:       0.000
H:       0.000
J:       0.000
K:      40.000
L:      31.000
M:       0.000
N:  360001.000
O:       0.000
P:       0.000
R:       0.000
S:       0.000
T:       0.000
U:       0.000
W:       0.000
X:       5.000
Y:       0.000
Z:       0.000
E:
     0:       60.630      409.490      449.530      665.930      901.470
     5:     1141.370     1376.060     1475.500     1636.180     1943.960
    10:     2026.400     2165.090     2233.690     2297.470     2375.990
    15:     2472.230     2557.850     2690.300     2856.540     2881.130
    20:     2937.130     2978.540     3067.920     3166.030     3198.130
    25:     3234.640     3278.290     3329.560     3402.520     3535.310
    30:     3586.140
I:
     0:        0.000        0.100       51.430      395.330      399.680
     5:      403.170      441.440      592.080      783.160      869.600
    10:     1103.530     1125.580     1258.180     1465.060     1585.580
    15:     1895.140     1902.660     1929.510     1932.810     1939.360
    20:     2026.780     2161.930     2214.820     2290.850     2296.760
    25:     2364.400     2422.650     2557.720     2636.680     2676.300
    30:     2683.510     2853.140     2876.590     2935.100     2960.600
    35:     3057.810     3164.600     3195.830     3219.140     3227.970
    40:     3234.300     3261.770     3325.750     3393.200     3397.590
    45:     3518.970     3581.360        0.000        0.000        0.000
    50:        0.000        0.000        0.000        0.000        0.000
    55:        0.000        0.000        0.000        0.000        0.000
    60:        0.000        0.000        0.000        0.000        0.000
    65:        0.000        0.000        0.000        0.000        0.000
    70:        0.000        0.000        0.000        0.000        0.000
    75:        0.000        0.000        0.000        0.000        0.000
    80:        0.000
Q:
     0:     3578.250        0.000        0.000        0.000        0.000
     5:        0.000        0.000        0.000        0.000        0.000
    10:        0.000        0.000        0.000        0.000        0.000
    15:        0.000        0.000        0.000        0.000        0.000
    20:        0.000        0.000        0.000        0.000        0.000
    25:        0.000        0.000        0.000        0.000        0.000
    30:        0.000        0.000        0.000        0.000        0.000
    35:        0.000        0.000        0.000        0.000        0.000
    40:        0.000        0.000        0.000        0.000        0.000
    45:        0.000        0.000        0.000        0.000        0.000
    50:        0.000        0.000        0.000        0.000        0.000
    55:        0.000        0.000        0.000        0.000        0.000
    60:        0.000        0.000        0.000        0.000        0.000
    65:        0.000        0.000        0.000        0.000        0.000
    70:        0.000        0.000        0.000        0.000        0.000
    75:        0.000        0.000        0.000        0.000        0.000
    80:        0.000
V:
     0:        0.000        0.000        0.000        0.000        0.000
     5:        0.000        0.000        0.000        0.000        0.000
    10:        0.000        0.000        0.000        0.000        0.000
    15:        0.000        0.000        0.000        0.000        0.000
    20:        0.000        0.000        0.000        0.000        0.000
    25:        0.000        0.000        0.000        0.000        0.000
    30:        0.000        0.000        0.000        0.000        0.000
    35:        0.000        0.000        0.000        0.000        0.000
    40:        0.000        0.000        0.000        0.000        0.000
    45:        0.000        0.000        0.000        0.000        0.000
    50:        0.000        0.000        0.000        0.000        0.000
    55:        0.000        0.000        0.000        0.000        0.000
    60:        0.000        0.000        0.000        0.000        0.000
    65:        0.000        0.000        0.000        0.000        0.000
    70:        0.000        0.000        0.000        0.000        0.000
    75:        0.000        0.000        0.000        0.000        0.000
    80:        0.000
