File: C:\MED-PC\Data\2025-02-04_13h33m_Subject 3.1.txt


Start Date: 02/04/25
End Date: 02/04/25
Subject: 3.1
Experiment: 5HT
Group: 
Box: 3
Start Time: 13:33:25
End Time: 13:43:19
MSN: 25_IC_FR1_BothActive_Retract_Omit_60min_80reward
D:      80.000
F:      45.000
G:      35.000
H:       0.000
J:       0.000
K:      45.000
L:      79.000
M:       0.000
N:   58547.000
O:       0.000
R:       0.000
T:       0.000
U:       3.000
W:       1.000
X:      35.000
Y:       0.000
Z:       0.000
A:
     0:        0.000       83.000        1.000        0.000      500.000
     5:      300.000
B:
     0:        0.000        1.000        2.000
C:
     0:        4.000        5.000        6.000
E:
     0:        7.870       15.540       22.890       28.930       33.830
     5:       40.950       47.510       53.180       61.640       70.260
    10:       76.570       90.090      116.560      139.160      148.130
    15:      152.980      158.540      164.470      174.340      181.370
    20:      185.870      190.870      197.660      203.100      209.090
    25:      215.690      220.560      225.500      233.470      240.970
    30:      246.280      254.660      260.480      267.550      272.180
    35:      277.450      284.370      290.830      297.620      304.490
    40:      308.790      315.500      322.160      326.920      333.400
    45:      340.710      347.570      359.090      364.720      369.420
    50:      376.330      381.660      389.110      397.720      402.220
    55:      408.400      415.150      421.310      427.720      432.450
    60:      439.320      443.870      450.530      460.480      482.140
    65:      495.910      500.580      505.210      509.780      514.410
    70:      523.820      531.700      538.410      545.660      553.130
    75:      559.610      566.360      573.030      578.650
I:
     0:        0.000       10.500       20.970       27.310       32.290
     5:       39.180       46.300       51.840       58.520       65.010
    10:       73.600       81.800       95.540      109.550      121.950
    15:      135.960      144.410      149.460      157.330      161.980
    20:      169.580      178.580      183.780      189.030      194.720
    25:      201.490      207.450      213.290      219.130      223.880
    30:      228.730      237.820      245.020      251.680      259.040
    35:      264.850      270.820      275.560      282.780      288.710
    40:      295.300      302.550      307.560      314.160      319.610
    45:      325.380      332.110      336.730      345.770      352.910
    50:      362.500      368.080      372.830      379.550      387.010
    55:      393.510      401.060      406.700      412.790      419.390
    60:      425.590      431.000      437.810      442.700      449.240
    65:      455.800      464.740      480.860      487.530      499.190
    70:      503.850      508.550      513.140      518.800      529.130
    75:      536.840      543.690      548.970      558.340      563.930
    80:      571.730      577.400      582.020
P:
     0:      474.850
Q:
     0:       75.780       89.520      115.930      138.390      147.440
     5:      152.320      157.970      173.570      179.770      189.710
    10:      196.480      208.280      215.120      219.870      224.720
    15:      232.810      240.010      254.030      259.840      266.810
    20:      314.600      358.490      364.070      368.820      375.540
    25:      397.050      401.690      414.380      443.230      459.730
    30:      530.830      537.680      544.960      558.920      565.720
S:
     0:      105.550      131.960
V:
     0:        6.490       14.960       22.300       28.280       33.170
     5:       40.290       46.830       52.510       61.000       69.590
    10:      163.570      185.020      202.440      245.670      271.550
    15:      276.770      283.700      289.290      296.540      303.550
    20:      308.150      321.370      326.100      332.720      339.760
    25:      346.900      381.000      388.500      407.780      420.580
    30:      426.990      431.800      438.690      449.790      481.520
    35:      495.180      499.840      504.540      509.130      513.790
    40:      523.120      552.330      572.390      578.010      582.450
