File: C:\MED-PC\Data\2025-01-27_14h04m_Subject 6.2.txt


Start Date: 01/27/25
End Date: 01/27/25
Subject: 6.2
Experiment: 5HT
Group: 
Box: 10
Start Time: 14:04:58
End Time: 14:33:10
MSN: LD_FR1_RightLever_30min_40reward_LeftLever_30min_40reward
A:      80.000
B:       0.000
C:       0.000
D:      80.000
F:       0.000
G:       0.000
H:       0.000
J:       0.000
K:      40.000
L:      74.000
M:       0.000
N:  168372.000
O:       0.000
P:       0.000
R:       0.000
S:       0.000
T:       0.000
U:       0.000
W:       0.000
X:      40.000
Y:       0.000
Z:       0.000
E:
     0:       49.770      111.820      171.570      211.560      253.820
     5:      286.860      298.410      334.440      381.800      397.390
    10:      422.080      429.970      458.050      464.850      486.550
    15:      547.060      586.970      606.490      639.370      645.180
    20:      659.790      665.380      673.590      694.340      701.230
    25:      706.200      716.170      722.460      732.990      744.130
    30:      764.300      769.560      776.160      783.860      790.040
    35:      795.680      803.880      815.630      821.670      913.940
    40:      926.900      933.540      944.340      955.680      964.680
    45:      975.910      986.090      995.010     1012.910     1024.000
    50:     1039.290     1044.370     1100.020     1138.940     1187.540
    55:     1197.870     1256.620     1265.290     1276.040     1296.280
    60:     1309.500     1340.820     1368.610     1420.750     1458.160
    65:     1476.330     1482.190     1490.750     1499.070     1525.120
    70:     1561.020     1580.310     1589.760     1673.980
I:
     0:        0.000        0.100       46.180      108.700      112.050
     5:      169.690      212.090      250.760      287.270      298.320
    10:      334.720      381.590      397.640      417.500      430.920
    15:      457.650      465.840      488.250      549.550      588.970
    20:      607.810      640.440      646.380      660.660      667.010
    25:      675.330      693.110      702.330      707.520      716.980
    30:      722.960      733.090      746.440      764.410      770.350
    35:      777.690      783.250      791.660      797.290      803.720
    40:      816.340      822.510      914.480      926.420      934.900
    45:      942.870      946.280      954.160      957.650      964.520
    50:      976.020      987.740      996.810     1012.810     1023.660
    55:     1039.950     1045.730     1098.620     1136.840     1187.150
    60:     1197.920     1256.210     1267.300     1276.970     1296.960
    65:     1311.000     1342.560     1368.480     1407.260     1459.610
    70:     1477.030     1483.080     1491.150     1497.500     1525.080
    75:     1531.580     1551.100     1573.640     1591.090     1669.300
    80:     1677.190
Q:
     0:     1683.700        0.000        0.000        0.000        0.000
     5:        0.000        0.000        0.000        0.000        0.000
    10:        0.000        0.000        0.000        0.000        0.000
    15:        0.000        0.000        0.000        0.000        0.000
    20:        0.000        0.000        0.000        0.000        0.000
    25:        0.000        0.000        0.000        0.000        0.000
    30:        0.000        0.000        0.000        0.000        0.000
    35:        0.000        0.000        0.000        0.000        0.000
    40:        0.000        0.000        0.000        0.000        0.000
    45:        0.000        0.000        0.000        0.000        0.000
    50:        0.000        0.000        0.000        0.000        0.000
    55:        0.000        0.000        0.000        0.000        0.000
    60:        0.000        0.000        0.000        0.000        0.000
    65:        0.000        0.000        0.000        0.000        0.000
    70:        0.000        0.000        0.000        0.000        0.000
    75:        0.000        0.000        0.000        0.000        0.000
    80:        0.000
V:
     0:        0.000        0.000        0.000        0.000        0.000
     5:        0.000        0.000        0.000        0.000        0.000
    10:        0.000        0.000        0.000        0.000        0.000
    15:        0.000        0.000        0.000        0.000        0.000
    20:        0.000        0.000        0.000        0.000        0.000
    25:        0.000        0.000        0.000        0.000        0.000
    30:        0.000        0.000        0.000        0.000        0.000
    35:        0.000        0.000        0.000        0.000        0.000
    40:        0.000        0.000        0.000        0.000        0.000
    45:        0.000        0.000        0.000        0.000        0.000
    50:        0.000        0.000        0.000        0.000        0.000
    55:        0.000        0.000        0.000        0.000        0.000
    60:        0.000        0.000        0.000        0.000        0.000
    65:        0.000        0.000        0.000        0.000        0.000
    70:        0.000        0.000        0.000        0.000        0.000
    75:        0.000        0.000        0.000        0.000        0.000
    80:        0.000
