File: C:\MED-PC\Data\2025-01-28_12h33m_Subject 2.2.txt


Start Date: 01/28/25
End Date: 01/28/25
Subject: 2.2
Experiment: 5HT
Group: 
Box: 6
Start Time: 12:33:00
End Time: 12:54:12
MSN: 23Nov_A_ICNB_LD_FR1_BothActive_NoRetract_correctBias_IC4
B:       3.000
C:       0.000
D:      80.000
F:      33.000
G:      47.000
H:       0.000
J:       0.000
K:      33.000
L:      77.000
M:       0.000
N:  126559.000
O:       0.000
P:       0.000
R:       0.000
S:       0.000
T:       0.000
U:       0.000
W:       0.000
X:      47.000
Y:       0.000
Z:       0.000
A:
     0:        0.000      104.000        3.000        0.000        0.000
     5:        0.000        0.000        0.000        0.000        0.000
    10:        0.000        0.000        0.000        0.000        0.000
    15:        0.000        0.000        0.000        0.000        0.000
    20:        0.000
E:
     0:        8.600       20.700       28.200       36.250       44.050
     5:       60.770       70.070       98.550      113.890      127.490
    10:      150.150      165.040      175.870      183.720      193.140
    15:      310.820      328.870      338.870      346.140      353.980
    20:      362.280      370.090      381.120      388.800      395.960
    25:      404.300      412.130      419.650      429.410      437.730
    30:      445.800      458.070      471.060      575.260      583.270
    35:      592.460      601.880      615.880      624.940      633.570
    40:      645.220      654.780      664.150      672.000      682.450
    45:      690.420      709.880      718.080      840.680      851.610
    50:      868.730      876.870      891.140      896.960      908.500
    55:      917.280      928.460      935.370      945.010      953.310
    60:      959.860      984.590      993.200     1037.130     1071.570
    65:     1080.950     1088.370     1098.730     1118.850     1131.740
    70:     1143.290     1150.200     1157.090     1169.950     1187.510
    75:     1198.430     1259.110
I:
     0:        0.000        0.110       14.370       25.330       34.340
     5:       42.290       49.920       66.830       75.540      104.620
    10:      118.860      133.530      156.200      170.740      180.830
    15:      189.710        0.000        0.000        0.000        0.000
    20:        0.000        0.000        0.000        0.000      306.260
    25:      316.310      334.670      344.220      352.260      359.530
    30:      367.930      375.460      386.590      394.960      402.220
    35:      410.400      418.200      425.770      435.000      443.190
    40:      451.860      464.280        0.000        0.000        0.000
    45:        0.000        0.000        0.000        0.000        0.000
    50:      570.320      581.420      589.400      598.140      606.510
    55:      616.760      631.210      639.340      651.570      659.900
    60:      669.470      677.970      687.480      696.770      715.490
    65:        0.000        0.000        0.000        0.000        0.000
    70:        0.000        0.000        0.000      834.640      846.790
    75:      856.740      873.640      882.900      890.780      901.980
    80:      914.030      923.000      930.870      940.770      948.490
    85:      956.680      964.100      974.200      987.150      998.870
    90:     1035.270     1050.080     1087.020     1094.280     1104.090
    95:     1125.100     1137.590     1148.340     1155.480     1162.660
   100:     1175.560     1183.450     1191.510     1202.860     1224.400
   105:        0.000        0.000        0.000        0.000        0.000
   110:        0.000        0.000        0.000        0.000        0.000
   115:        0.000        0.000        0.000        0.000        0.000
   120:        0.000        0.000        0.000        0.000        0.000
   125:        0.000        0.000        0.000        0.000        0.000
   130:        0.000        0.000        0.000        0.000        0.000
   135:        0.000        0.000        0.000        0.000        0.000
   140:        0.000        0.000        0.000        0.000        0.000
   145:        0.000        0.000        0.000        0.000        0.000
   150:        0.000        0.000        0.000        0.000        0.000
   155:        0.000        0.000        0.000        0.000        0.000
   160:        0.000        0.000        0.000        0.000        0.000
   165:        0.000        0.000        0.000        0.000        0.000
   170:        0.000        0.000        0.000        0.000        0.000
   175:        0.000        0.000        0.000        0.000        0.000
   180:        0.000        0.000        0.000        0.000        0.000
   185:        0.000        0.000        0.000        0.000        0.000
   190:        0.000        0.000        0.000        0.000        0.000
   195:        0.000        0.000        0.000        0.000        0.000
   200:        0.000        0.000        0.000        0.000        0.000
   205:        0.000        0.000        0.000        0.000        0.000
   210:        0.000        0.000        0.000        0.000        0.000
   215:        0.000        0.000        0.000        0.000        0.000
   220:        0.000        0.000        0.000        0.000        0.000
   225:        0.000        0.000        0.000        0.000        0.000
   230:        0.000        0.000        0.000        0.000        0.000
   235:        0.000        0.000        0.000        0.000        0.000
   240:        0.000        0.000        0.000        0.000        0.000
   245:        0.000        0.000        0.000        0.000        0.000
   250:        0.000        0.000        0.000        0.000        0.000
   255:        0.000        0.000        0.000        0.000        0.000
   260:        0.000        0.000        0.000        0.000        0.000
   265:        0.000        0.000        0.000        0.000        0.000
   270:        0.000        0.000        0.000        0.000        0.000
   275:        0.000        0.000        0.000        0.000        0.000
   280:        0.000        0.000        0.000        0.000        0.000
   285:        0.000        0.000        0.000        0.000        0.000
   290:        0.000        0.000        0.000        0.000        0.000
   295:        0.000        0.000        0.000        0.000        0.000
   300:        0.000        0.000        0.000        0.000        0.000
   305:        0.000        0.000        0.000        0.000        0.000
   310:        0.000        0.000        0.000        0.000        0.000
   315:        0.000        0.000        0.000        0.000        0.000
   320:        0.000        0.000        0.000        0.000        0.000
   325:        0.000        0.000        0.000        0.000        0.000
   330:        0.000        0.000        0.000        0.000        0.000
   335:        0.000        0.000        0.000        0.000        0.000
   340:        0.000        0.000        0.000        0.000        0.000
   345:        0.000        0.000        0.000        0.000        0.000
   350:        0.000        0.000        0.000        0.000        0.000
   355:        0.000        0.000        0.000        0.000        0.000
   360:        0.000        0.000        0.000        0.000        0.000
   365:        0.000        0.000        0.000        0.000        0.000
   370:        0.000        0.000        0.000        0.000        0.000
   375:        0.000        0.000        0.000        0.000        0.000
   380:        0.000        0.000        0.000        0.000        0.000
   385:        0.000        0.000        0.000        0.000        0.000
   390:        0.000        0.000        0.000        0.000        0.000
   395:        0.000        0.000        0.000        0.000        0.000
   400:        0.000        0.000        0.000        0.000        0.000
   405:        0.000        0.000        0.000        0.000        0.000
   410:        0.000        0.000        0.000        0.000        0.000
   415:        0.000        0.000        0.000        0.000        0.000
   420:        0.000        0.000        0.000        0.000        0.000
   425:        0.000        0.000        0.000        0.000        0.000
   430:        0.000        0.000        0.000        0.000        0.000
   435:        0.000        0.000        0.000        0.000        0.000
   440:        0.000        0.000        0.000        0.000        0.000
   445:        0.000        0.000        0.000        0.000        0.000
   450:        0.000        0.000        0.000        0.000        0.000
   455:        0.000        0.000        0.000        0.000        0.000
   460:        0.000        0.000        0.000        0.000        0.000
   465:        0.000        0.000        0.000        0.000        0.000
   470:        0.000        0.000        0.000        0.000        0.000
   475:        0.000        0.000        0.000        0.000        0.000
   480:        0.000        0.000        0.000        0.000        0.000
   485:        0.000        0.000        0.000        0.000        0.000
   490:        0.000        0.000        0.000        0.000        0.000
   495:        0.000        0.000        0.000        0.000        0.000
   500:        0.000        0.000        0.000        0.000        0.000
   505:        0.000        0.000        0.000        0.000        0.000
   510:        0.000        0.000        0.000        0.000        0.000
   515:        0.000        0.000        0.000        0.000        0.000
   520:        0.000        0.000        0.000        0.000        0.000
   525:        0.000        0.000        0.000        0.000        0.000
   530:        0.000        0.000        0.000        0.000        0.000
   535:        0.000        0.000        0.000        0.000        0.000
   540:        0.000        0.000        0.000        0.000        0.000
   545:        0.000        0.000        0.000        0.000        0.000
   550:        0.000        0.000        0.000        0.000        0.000
   555:        0.000        0.000        0.000        0.000        0.000
   560:        0.000        0.000        0.000        0.000        0.000
   565:        0.000        0.000        0.000        0.000        0.000
   570:        0.000        0.000        0.000        0.000        0.000
   575:        0.000        0.000        0.000        0.000        0.000
   580:        0.000        0.000        0.000        0.000        0.000
   585:        0.000        0.000        0.000        0.000        0.000
   590:        0.000        0.000        0.000        0.000        0.000
   595:        0.000        0.000        0.000        0.000        0.000
   600:        0.000        0.000        0.000        0.000        0.000
   605:        0.000        0.000        0.000        0.000        0.000
   610:        0.000        0.000        0.000        0.000        0.000
   615:        0.000        0.000        0.000        0.000        0.000
   620:        0.000        0.000        0.000        0.000        0.000
   625:        0.000        0.000        0.000        0.000        0.000
   630:        0.000        0.000        0.000        0.000        0.000
   635:        0.000        0.000        0.000        0.000        0.000
   640:        0.000        0.000        0.000        0.000        0.000
   645:        0.000        0.000        0.000        0.000        0.000
   650:        0.000        0.000        0.000        0.000        0.000
   655:        0.000        0.000        0.000        0.000        0.000
   660:        0.000        0.000        0.000        0.000        0.000
   665:        0.000        0.000        0.000        0.000        0.000
   670:        0.000        0.000        0.000        0.000        0.000
   675:        0.000        0.000        0.000        0.000        0.000
   680:        0.000        0.000        0.000        0.000        0.000
   685:        0.000        0.000        0.000        0.000        0.000
   690:        0.000        0.000        0.000        0.000        0.000
   695:        0.000        0.000        0.000        0.000        0.000
   700:        0.000        0.000        0.000        0.000        0.000
   705:        0.000        0.000        0.000        0.000        0.000
   710:        0.000        0.000        0.000        0.000        0.000
   715:        0.000        0.000        0.000        0.000        0.000
   720:        0.000        0.000        0.000        0.000        0.000
   725:        0.000        0.000        0.000        0.000        0.000
   730:        0.000        0.000        0.000        0.000        0.000
   735:        0.000        0.000        0.000        0.000        0.000
   740:        0.000        0.000        0.000        0.000        0.000
   745:        0.000        0.000        0.000        0.000        0.000
   750:        0.000        0.000        0.000        0.000        0.000
   755:        0.000        0.000        0.000        0.000        0.000
   760:        0.000        0.000        0.000        0.000        0.000
   765:        0.000        0.000        0.000        0.000        0.000
   770:        0.000        0.000        0.000        0.000        0.000
   775:        0.000        0.000        0.000        0.000        0.000
   780:        0.000        0.000        0.000        0.000        0.000
   785:        0.000        0.000        0.000        0.000        0.000
   790:        0.000        0.000        0.000        0.000        0.000
   795:        0.000        0.000        0.000        0.000        0.000
   800:        0.000        0.000        0.000        0.000        0.000
   805:        0.000        0.000        0.000        0.000        0.000
   810:        0.000        0.000        0.000        0.000        0.000
   815:        0.000        0.000        0.000        0.000        0.000
   820:        0.000        0.000        0.000        0.000        0.000
   825:        0.000        0.000        0.000        0.000        0.000
   830:        0.000        0.000        0.000        0.000        0.000
   835:        0.000        0.000        0.000        0.000        0.000
   840:        0.000        0.000        0.000        0.000        0.000
   845:        0.000        0.000        0.000        0.000        0.000
   850:        0.000        0.000        0.000        0.000        0.000
   855:        0.000        0.000        0.000        0.000        0.000
   860:        0.000        0.000        0.000        0.000        0.000
   865:        0.000        0.000        0.000        0.000        0.000
   870:        0.000        0.000        0.000        0.000        0.000
   875:        0.000        0.000        0.000        0.000        0.000
   880:        0.000        0.000        0.000        0.000        0.000
   885:        0.000        0.000        0.000        0.000        0.000
   890:        0.000        0.000        0.000        0.000        0.000
   895:        0.000        0.000        0.000        0.000        0.000
   900:        0.000        0.000        0.000        0.000        0.000
   905:        0.000        0.000        0.000        0.000        0.000
   910:        0.000        0.000        0.000        0.000        0.000
   915:        0.000        0.000        0.000        0.000        0.000
   920:        0.000        0.000        0.000        0.000        0.000
   925:        0.000        0.000        0.000        0.000        0.000
   930:        0.000        0.000        0.000        0.000        0.000
   935:        0.000        0.000        0.000        0.000        0.000
   940:        0.000        0.000        0.000        0.000        0.000
   945:        0.000        0.000        0.000        0.000        0.000
   950:        0.000        0.000        0.000        0.000        0.000
   955:        0.000        0.000        0.000        0.000        0.000
   960:        0.000        0.000        0.000        0.000        0.000
   965:        0.000        0.000        0.000        0.000        0.000
   970:        0.000        0.000        0.000        0.000        0.000
   975:        0.000        0.000        0.000        0.000        0.000
   980:        0.000        0.000        0.000        0.000        0.000
   985:        0.000        0.000        0.000        0.000        0.000
   990:        0.000        0.000        0.000        0.000        0.000
   995:        0.000        0.000        0.000        0.000        0.000
  1000:        0.000        0.000        0.000        0.000        0.000
  1005:        0.000        0.000        0.000        0.000        0.000
  1010:        0.000        0.000        0.000        0.000        0.000
  1015:        0.000        0.000        0.000        0.000        0.000
  1020:        0.000        0.000        0.000        0.000        0.000
  1025:        0.000        0.000        0.000        0.000        0.000
  1030:        0.000        0.000        0.000        0.000        0.000
  1035:        0.000        0.000        0.000        0.000        0.000
  1040:        0.000        0.000        0.000        0.000        0.000
  1045:        0.000        0.000        0.000        0.000        0.000
  1050:        0.000        0.000        0.000        0.000        0.000
  1055:        0.000        0.000        0.000        0.000        0.000
  1060:        0.000        0.000        0.000        0.000        0.000
  1065:        0.000        0.000        0.000        0.000        0.000
  1070:        0.000        0.000        0.000        0.000        0.000
  1075:        0.000        0.000        0.000        0.000        0.000
  1080:        0.000        0.000        0.000        0.000        0.000
  1085:        0.000        0.000        0.000        0.000        0.000
  1090:        0.000        0.000        0.000        0.000        0.000
  1095:        0.000        0.000        0.000        0.000        0.000
  1100:        0.000        0.000        0.000        0.000        0.000
  1105:        0.000        0.000        0.000        0.000        0.000
  1110:        0.000        0.000        0.000        0.000        0.000
  1115:        0.000        0.000        0.000        0.000        0.000
  1120:        0.000        0.000        0.000        0.000        0.000
  1125:        0.000        0.000        0.000        0.000        0.000
  1130:        0.000        0.000        0.000        0.000        0.000
  1135:        0.000        0.000        0.000        0.000        0.000
  1140:        0.000        0.000        0.000        0.000        0.000
  1145:        0.000        0.000        0.000        0.000        0.000
  1150:        0.000        0.000        0.000        0.000        0.000
  1155:        0.000        0.000        0.000        0.000        0.000
  1160:        0.000        0.000        0.000        0.000        0.000
  1165:        0.000        0.000        0.000        0.000        0.000
  1170:        0.000        0.000        0.000        0.000        0.000
  1175:        0.000        0.000        0.000        0.000        0.000
  1180:        0.000        0.000        0.000        0.000        0.000
  1185:        0.000        0.000        0.000        0.000        0.000
  1190:        0.000        0.000        0.000        0.000        0.000
  1195:        0.000        0.000        0.000        0.000        0.000
  1200:        0.000        0.000        0.000        0.000        0.000
  1205:        0.000        0.000        0.000        0.000        0.000
  1210:        0.000        0.000        0.000        0.000        0.000
  1215:        0.000        0.000        0.000        0.000        0.000
  1220:        0.000        0.000        0.000        0.000        0.000
  1225:        0.000        0.000        0.000        0.000        0.000
  1230:        0.000        0.000        0.000        0.000        0.000
  1235:        0.000        0.000        0.000        0.000        0.000
  1240:        0.000        0.000        0.000        0.000        0.000
  1245:        0.000        0.000        0.000        0.000        0.000
  1250:        0.000        0.000        0.000        0.000        0.000
  1255:        0.000        0.000        0.000        0.000        0.000
  1260:        0.000        0.000        0.000        0.000        0.000
  1265:        0.000        0.000        0.000        0.000        0.000
  1270:        0.000        0.000        0.000        0.000        0.000
  1275:        0.000        0.000        0.000        0.000        0.000
  1280:        0.000        0.000        0.000        0.000        0.000
  1285:        0.000        0.000        0.000        0.000        0.000
  1290:        0.000        0.000        0.000        0.000        0.000
  1295:        0.000        0.000        0.000        0.000        0.000
  1300:        0.000        0.000        0.000        0.000        0.000
  1305:        0.000        0.000        0.000        0.000        0.000
  1310:        0.000        0.000        0.000        0.000        0.000
  1315:        0.000        0.000        0.000        0.000        0.000
  1320:        0.000        0.000        0.000        0.000        0.000
  1325:        0.000        0.000        0.000        0.000        0.000
  1330:        0.000        0.000        0.000        0.000        0.000
  1335:        0.000        0.000        0.000        0.000        0.000
  1340:        0.000        0.000        0.000        0.000        0.000
  1345:        0.000        0.000        0.000        0.000        0.000
  1350:        0.000        0.000        0.000        0.000        0.000
  1355:        0.000        0.000        0.000        0.000        0.000
  1360:        0.000        0.000        0.000        0.000        0.000
  1365:        0.000        0.000        0.000        0.000        0.000
  1370:        0.000        0.000        0.000        0.000        0.000
  1375:        0.000        0.000        0.000        0.000        0.000
  1380:        0.000        0.000        0.000        0.000        0.000
  1385:        0.000        0.000        0.000        0.000        0.000
  1390:        0.000        0.000        0.000        0.000        0.000
  1395:        0.000        0.000        0.000        0.000        0.000
  1400:        0.000        0.000        0.000        0.000        0.000
  1405:        0.000        0.000        0.000        0.000        0.000
  1410:        0.000        0.000        0.000        0.000        0.000
  1415:        0.000        0.000        0.000        0.000        0.000
  1420:        0.000        0.000        0.000        0.000        0.000
  1425:        0.000        0.000        0.000        0.000        0.000
  1430:        0.000        0.000        0.000        0.000        0.000
  1435:        0.000        0.000        0.000        0.000        0.000
  1440:        0.000        0.000        0.000        0.000        0.000
  1445:        0.000        0.000        0.000        0.000        0.000
  1450:        0.000        0.000        0.000        0.000        0.000
  1455:        0.000        0.000        0.000        0.000        0.000
  1460:        0.000        0.000        0.000        0.000        0.000
  1465:        0.000        0.000        0.000        0.000        0.000
  1470:        0.000        0.000        0.000        0.000        0.000
  1475:        0.000        0.000        0.000        0.000        0.000
  1480:        0.000        0.000        0.000        0.000        0.000
  1485:        0.000        0.000        0.000        0.000        0.000
  1490:        0.000        0.000        0.000        0.000        0.000
  1495:        0.000        0.000        0.000        0.000        0.000
  1500:        0.000        0.000        0.000        0.000        0.000
  1505:        0.000        0.000        0.000        0.000        0.000
  1510:        0.000        0.000        0.000        0.000        0.000
  1515:        0.000        0.000        0.000        0.000        0.000
  1520:        0.000        0.000        0.000        0.000        0.000
  1525:        0.000        0.000        0.000        0.000        0.000
  1530:        0.000        0.000        0.000        0.000        0.000
  1535:        0.000        0.000        0.000        0.000        0.000
  1540:        0.000        0.000        0.000        0.000        0.000
  1545:        0.000        0.000        0.000        0.000        0.000
  1550:        0.000        0.000        0.000        0.000        0.000
  1555:        0.000        0.000        0.000        0.000        0.000
  1560:        0.000        0.000        0.000        0.000        0.000
  1565:        0.000        0.000        0.000        0.000        0.000
  1570:        0.000        0.000        0.000        0.000        0.000
  1575:        0.000        0.000        0.000        0.000        0.000
  1580:        0.000        0.000        0.000        0.000        0.000
  1585:        0.000        0.000        0.000        0.000        0.000
  1590:        0.000        0.000        0.000        0.000        0.000
  1595:        0.000        0.000        0.000        0.000        0.000
  1600:        0.000        0.000        0.000        0.000        0.000
  1605:        0.000        0.000        0.000        0.000        0.000
  1610:        0.000        0.000        0.000        0.000        0.000
  1615:        0.000        0.000        0.000        0.000        0.000
  1620:        0.000        0.000        0.000        0.000        0.000
  1625:        0.000        0.000        0.000        0.000        0.000
  1630:        0.000        0.000        0.000        0.000        0.000
  1635:        0.000        0.000        0.000        0.000        0.000
  1640:        0.000        0.000        0.000        0.000        0.000
  1645:        0.000        0.000        0.000        0.000        0.000
  1650:        0.000        0.000        0.000        0.000        0.000
  1655:        0.000        0.000        0.000        0.000        0.000
  1660:        0.000        0.000        0.000        0.000        0.000
  1665:        0.000        0.000        0.000        0.000        0.000
  1670:        0.000        0.000        0.000        0.000        0.000
  1675:        0.000        0.000        0.000        0.000        0.000
  1680:        0.000        0.000        0.000        0.000        0.000
  1685:        0.000        0.000        0.000        0.000        0.000
  1690:        0.000        0.000        0.000        0.000        0.000
  1695:        0.000        0.000        0.000        0.000        0.000
  1700:        0.000        0.000        0.000        0.000        0.000
  1705:        0.000        0.000        0.000        0.000        0.000
  1710:        0.000        0.000        0.000        0.000        0.000
  1715:        0.000        0.000        0.000        0.000        0.000
  1720:        0.000        0.000        0.000        0.000        0.000
  1725:        0.000        0.000        0.000        0.000        0.000
  1730:        0.000        0.000        0.000        0.000        0.000
  1735:        0.000        0.000        0.000        0.000        0.000
  1740:        0.000        0.000        0.000        0.000        0.000
  1745:        0.000        0.000        0.000        0.000        0.000
  1750:        0.000        0.000        0.000        0.000        0.000
  1755:        0.000        0.000        0.000        0.000        0.000
  1760:        0.000        0.000        0.000        0.000        0.000
  1765:        0.000        0.000        0.000        0.000        0.000
  1770:        0.000        0.000        0.000        0.000        0.000
  1775:        0.000        0.000        0.000        0.000        0.000
  1780:        0.000        0.000        0.000        0.000        0.000
  1785:        0.000        0.000        0.000        0.000        0.000
  1790:        0.000        0.000        0.000        0.000        0.000
  1795:        0.000        0.000        0.000        0.000        0.000
  1800:        0.000        0.000        0.000        0.000        0.000
  1805:        0.000        0.000        0.000        0.000        0.000
  1810:        0.000        0.000        0.000        0.000        0.000
  1815:        0.000        0.000        0.000        0.000        0.000
  1820:        0.000        0.000        0.000        0.000        0.000
  1825:        0.000        0.000        0.000        0.000        0.000
  1830:        0.000        0.000        0.000        0.000        0.000
  1835:        0.000        0.000        0.000        0.000        0.000
  1840:        0.000        0.000        0.000        0.000        0.000
  1845:        0.000        0.000        0.000        0.000        0.000
  1850:        0.000        0.000        0.000        0.000        0.000
  1855:        0.000        0.000        0.000        0.000        0.000
  1860:        0.000        0.000        0.000        0.000        0.000
  1865:        0.000        0.000        0.000        0.000        0.000
  1870:        0.000        0.000        0.000        0.000        0.000
  1875:        0.000        0.000        0.000        0.000        0.000
  1880:        0.000        0.000        0.000        0.000        0.000
  1885:        0.000        0.000        0.000        0.000        0.000
  1890:        0.000        0.000        0.000        0.000        0.000
  1895:        0.000        0.000        0.000        0.000        0.000
  1900:        0.000        0.000        0.000        0.000        0.000
  1905:        0.000        0.000        0.000        0.000        0.000
  1910:        0.000        0.000        0.000        0.000        0.000
  1915:        0.000        0.000        0.000        0.000        0.000
  1920:        0.000        0.000        0.000        0.000        0.000
  1925:        0.000        0.000        0.000        0.000        0.000
  1930:        0.000        0.000        0.000        0.000        0.000
  1935:        0.000        0.000        0.000        0.000        0.000
  1940:        0.000        0.000        0.000        0.000        0.000
  1945:        0.000        0.000        0.000        0.000        0.000
  1950:        0.000        0.000        0.000        0.000        0.000
  1955:        0.000        0.000        0.000        0.000        0.000
  1960:        0.000        0.000        0.000        0.000        0.000
  1965:        0.000        0.000        0.000        0.000        0.000
  1970:        0.000        0.000        0.000        0.000        0.000
  1975:        0.000        0.000        0.000        0.000        0.000
  1980:        0.000        0.000        0.000        0.000        0.000
  1985:        0.000        0.000        0.000        0.000        0.000
  1990:        0.000        0.000        0.000        0.000        0.000
  1995:        0.000        0.000        0.000        0.000        0.000
  2000:        0.000
Q:
     0:        7.260       18.220       35.180       42.810       97.510
     5:      111.750      126.420      149.090      163.630      173.720
    10:      182.600      191.600      309.200      345.150      352.420
    15:      368.350      403.290      411.090      418.660      427.890
    20:      436.080      444.750      457.170      470.100      574.310
    25:      582.290      644.460      652.790      662.360      670.860
    30:      680.370      689.660      708.380      716.690      906.920
    35:      915.890      923.760      956.990      967.090     1042.970
    40:     1079.910     1087.170     1148.370     1155.550     1168.450
    45:     1176.340     1184.400        0.000        0.000        0.000
    50:        0.000        0.000        0.000        0.000        0.000
    55:        0.000        0.000        0.000        0.000        0.000
    60:        0.000        0.000        0.000        0.000        0.000
    65:        0.000        0.000        0.000        0.000        0.000
    70:        0.000        0.000        0.000        0.000        0.000
    75:        0.000        0.000        0.000        0.000        0.000
    80:        0.000        0.000        0.000        0.000        0.000
    85:        0.000        0.000        0.000        0.000        0.000
    90:        0.000        0.000        0.000        0.000        0.000
    95:        0.000        0.000        0.000        0.000        0.000
   100:        0.000        0.000        0.000        0.000        0.000
   105:        0.000        0.000        0.000        0.000        0.000
   110:        0.000        0.000        0.000        0.000        0.000
   115:        0.000        0.000        0.000        0.000        0.000
   120:        0.000        0.000        0.000        0.000        0.000
   125:        0.000        0.000        0.000        0.000        0.000
   130:        0.000        0.000        0.000        0.000        0.000
   135:        0.000        0.000        0.000        0.000        0.000
   140:        0.000        0.000        0.000        0.000        0.000
   145:        0.000        0.000        0.000        0.000        0.000
   150:        0.000        0.000        0.000        0.000        0.000
   155:        0.000        0.000        0.000        0.000        0.000
   160:        0.000        0.000        0.000        0.000        0.000
   165:        0.000        0.000        0.000        0.000        0.000
   170:        0.000        0.000        0.000        0.000        0.000
   175:        0.000        0.000        0.000        0.000        0.000
   180:        0.000        0.000        0.000        0.000        0.000
   185:        0.000        0.000        0.000        0.000        0.000
   190:        0.000        0.000        0.000        0.000        0.000
   195:        0.000        0.000        0.000        0.000        0.000
   200:        0.000        0.000        0.000        0.000        0.000
   205:        0.000        0.000        0.000        0.000        0.000
   210:        0.000        0.000        0.000        0.000        0.000
   215:        0.000        0.000        0.000        0.000        0.000
   220:        0.000        0.000        0.000        0.000        0.000
   225:        0.000        0.000        0.000        0.000        0.000
   230:        0.000        0.000        0.000        0.000        0.000
   235:        0.000        0.000        0.000        0.000        0.000
   240:        0.000        0.000        0.000        0.000        0.000
   245:        0.000        0.000        0.000        0.000        0.000
   250:        0.000        0.000        0.000        0.000        0.000
   255:        0.000        0.000        0.000        0.000        0.000
   260:        0.000        0.000        0.000        0.000        0.000
   265:        0.000        0.000        0.000        0.000        0.000
   270:        0.000        0.000        0.000        0.000        0.000
   275:        0.000        0.000        0.000        0.000        0.000
   280:        0.000        0.000        0.000        0.000        0.000
   285:        0.000        0.000        0.000        0.000        0.000
   290:        0.000        0.000        0.000        0.000        0.000
   295:        0.000        0.000        0.000        0.000        0.000
   300:        0.000        0.000        0.000        0.000        0.000
   305:        0.000        0.000        0.000        0.000        0.000
   310:        0.000        0.000        0.000        0.000        0.000
   315:        0.000        0.000        0.000        0.000        0.000
   320:        0.000        0.000        0.000        0.000        0.000
   325:        0.000        0.000        0.000        0.000        0.000
   330:        0.000        0.000        0.000        0.000        0.000
   335:        0.000        0.000        0.000        0.000        0.000
   340:        0.000        0.000        0.000        0.000        0.000
   345:        0.000        0.000        0.000        0.000        0.000
   350:        0.000        0.000        0.000        0.000        0.000
   355:        0.000        0.000        0.000        0.000        0.000
   360:        0.000        0.000        0.000        0.000        0.000
   365:        0.000        0.000        0.000        0.000        0.000
   370:        0.000        0.000        0.000        0.000        0.000
   375:        0.000        0.000        0.000        0.000        0.000
   380:        0.000        0.000        0.000        0.000        0.000
   385:        0.000        0.000        0.000        0.000        0.000
   390:        0.000        0.000        0.000        0.000        0.000
   395:        0.000        0.000        0.000        0.000        0.000
   400:        0.000        0.000        0.000        0.000        0.000
   405:        0.000        0.000        0.000        0.000        0.000
   410:        0.000        0.000        0.000        0.000        0.000
   415:        0.000        0.000        0.000        0.000        0.000
   420:        0.000        0.000        0.000        0.000        0.000
   425:        0.000        0.000        0.000        0.000        0.000
   430:        0.000        0.000        0.000        0.000        0.000
   435:        0.000        0.000        0.000        0.000        0.000
   440:        0.000        0.000        0.000        0.000        0.000
   445:        0.000        0.000        0.000        0.000        0.000
   450:        0.000        0.000        0.000        0.000        0.000
   455:        0.000        0.000        0.000        0.000        0.000
   460:        0.000        0.000        0.000        0.000        0.000
   465:        0.000        0.000        0.000        0.000        0.000
   470:        0.000        0.000        0.000        0.000        0.000
   475:        0.000        0.000        0.000        0.000        0.000
   480:        0.000        0.000        0.000        0.000        0.000
   485:        0.000        0.000        0.000        0.000        0.000
   490:        0.000        0.000        0.000        0.000        0.000
   495:        0.000        0.000        0.000        0.000        0.000
   500:        0.000        0.000        0.000        0.000        0.000
   505:        0.000        0.000        0.000        0.000        0.000
   510:        0.000        0.000        0.000        0.000        0.000
   515:        0.000        0.000        0.000        0.000        0.000
   520:        0.000        0.000        0.000        0.000        0.000
   525:        0.000        0.000        0.000        0.000        0.000
   530:        0.000        0.000        0.000        0.000        0.000
   535:        0.000        0.000        0.000        0.000        0.000
   540:        0.000        0.000        0.000        0.000        0.000
   545:        0.000        0.000        0.000        0.000        0.000
   550:        0.000        0.000        0.000        0.000        0.000
   555:        0.000        0.000        0.000        0.000        0.000
   560:        0.000        0.000        0.000        0.000        0.000
   565:        0.000        0.000        0.000        0.000        0.000
   570:        0.000        0.000        0.000        0.000        0.000
   575:        0.000        0.000        0.000        0.000        0.000
   580:        0.000        0.000        0.000        0.000        0.000
   585:        0.000        0.000        0.000        0.000        0.000
   590:        0.000        0.000        0.000        0.000        0.000
   595:        0.000        0.000        0.000        0.000        0.000
   600:        0.000        0.000        0.000        0.000        0.000
   605:        0.000        0.000        0.000        0.000        0.000
   610:        0.000        0.000        0.000        0.000        0.000
   615:        0.000        0.000        0.000        0.000        0.000
   620:        0.000        0.000        0.000        0.000        0.000
   625:        0.000        0.000        0.000        0.000        0.000
   630:        0.000        0.000        0.000        0.000        0.000
   635:        0.000        0.000        0.000        0.000        0.000
   640:        0.000        0.000        0.000        0.000        0.000
   645:        0.000        0.000        0.000        0.000        0.000
   650:        0.000        0.000        0.000        0.000        0.000
   655:        0.000        0.000        0.000        0.000        0.000
   660:        0.000        0.000        0.000        0.000        0.000
   665:        0.000        0.000        0.000        0.000        0.000
   670:        0.000        0.000        0.000        0.000        0.000
   675:        0.000        0.000        0.000        0.000        0.000
   680:        0.000        0.000        0.000        0.000        0.000
   685:        0.000        0.000        0.000        0.000        0.000
   690:        0.000        0.000        0.000        0.000        0.000
   695:        0.000        0.000        0.000        0.000        0.000
   700:        0.000        0.000        0.000        0.000        0.000
   705:        0.000        0.000        0.000        0.000        0.000
   710:        0.000        0.000        0.000        0.000        0.000
   715:        0.000        0.000        0.000        0.000        0.000
   720:        0.000        0.000        0.000        0.000        0.000
   725:        0.000        0.000        0.000        0.000        0.000
   730:        0.000        0.000        0.000        0.000        0.000
   735:        0.000        0.000        0.000        0.000        0.000
   740:        0.000        0.000        0.000        0.000        0.000
   745:        0.000        0.000        0.000        0.000        0.000
   750:        0.000        0.000        0.000        0.000        0.000
   755:        0.000        0.000        0.000        0.000        0.000
   760:        0.000        0.000        0.000        0.000        0.000
   765:        0.000        0.000        0.000        0.000        0.000
   770:        0.000        0.000        0.000        0.000        0.000
   775:        0.000        0.000        0.000        0.000        0.000
   780:        0.000        0.000        0.000        0.000        0.000
   785:        0.000        0.000        0.000        0.000        0.000
   790:        0.000        0.000        0.000        0.000        0.000
   795:        0.000        0.000        0.000        0.000        0.000
   800:        0.000        0.000        0.000        0.000        0.000
   805:        0.000        0.000        0.000        0.000        0.000
   810:        0.000        0.000        0.000        0.000        0.000
   815:        0.000        0.000        0.000        0.000        0.000
   820:        0.000        0.000        0.000        0.000        0.000
   825:        0.000        0.000        0.000        0.000        0.000
   830:        0.000        0.000        0.000        0.000        0.000
   835:        0.000        0.000        0.000        0.000        0.000
   840:        0.000        0.000        0.000        0.000        0.000
   845:        0.000        0.000        0.000        0.000        0.000
   850:        0.000        0.000        0.000        0.000        0.000
   855:        0.000        0.000        0.000        0.000        0.000
   860:        0.000        0.000        0.000        0.000        0.000
   865:        0.000        0.000        0.000        0.000        0.000
   870:        0.000        0.000        0.000        0.000        0.000
   875:        0.000        0.000        0.000        0.000        0.000
   880:        0.000        0.000        0.000        0.000        0.000
   885:        0.000        0.000        0.000        0.000        0.000
   890:        0.000        0.000        0.000        0.000        0.000
   895:        0.000        0.000        0.000        0.000        0.000
   900:        0.000        0.000        0.000        0.000        0.000
   905:        0.000        0.000        0.000        0.000        0.000
   910:        0.000        0.000        0.000        0.000        0.000
   915:        0.000        0.000        0.000        0.000        0.000
   920:        0.000        0.000        0.000        0.000        0.000
   925:        0.000        0.000        0.000        0.000        0.000
   930:        0.000        0.000        0.000        0.000        0.000
   935:        0.000        0.000        0.000        0.000        0.000
   940:        0.000        0.000        0.000        0.000        0.000
   945:        0.000        0.000        0.000        0.000        0.000
   950:        0.000        0.000        0.000        0.000        0.000
   955:        0.000        0.000        0.000        0.000        0.000
   960:        0.000        0.000        0.000        0.000        0.000
   965:        0.000        0.000        0.000        0.000        0.000
   970:        0.000        0.000        0.000        0.000        0.000
   975:        0.000        0.000        0.000        0.000        0.000
   980:        0.000        0.000        0.000        0.000        0.000
   985:        0.000        0.000        0.000        0.000        0.000
   990:        0.000        0.000        0.000        0.000        0.000
   995:        0.000        0.000        0.000        0.000        0.000
  1000:        0.000        0.000        0.000        0.000        0.000
  1005:        0.000        0.000        0.000        0.000        0.000
  1010:        0.000        0.000        0.000        0.000        0.000
  1015:        0.000        0.000        0.000        0.000        0.000
  1020:        0.000        0.000        0.000        0.000        0.000
  1025:        0.000        0.000        0.000        0.000        0.000
  1030:        0.000        0.000        0.000        0.000        0.000
  1035:        0.000        0.000        0.000        0.000        0.000
  1040:        0.000        0.000        0.000        0.000        0.000
  1045:        0.000        0.000        0.000        0.000        0.000
  1050:        0.000        0.000        0.000        0.000        0.000
  1055:        0.000        0.000        0.000        0.000        0.000
  1060:        0.000        0.000        0.000        0.000        0.000
  1065:        0.000        0.000        0.000        0.000        0.000
  1070:        0.000        0.000        0.000        0.000        0.000
  1075:        0.000        0.000        0.000        0.000        0.000
  1080:        0.000        0.000        0.000        0.000        0.000
  1085:        0.000        0.000        0.000        0.000        0.000
  1090:        0.000        0.000        0.000        0.000        0.000
  1095:        0.000        0.000        0.000        0.000        0.000
  1100:        0.000        0.000        0.000        0.000        0.000
  1105:        0.000        0.000        0.000        0.000        0.000
  1110:        0.000        0.000        0.000        0.000        0.000
  1115:        0.000        0.000        0.000        0.000        0.000
  1120:        0.000        0.000        0.000        0.000        0.000
  1125:        0.000        0.000        0.000        0.000        0.000
  1130:        0.000        0.000        0.000        0.000        0.000
  1135:        0.000        0.000        0.000        0.000        0.000
  1140:        0.000        0.000        0.000        0.000        0.000
  1145:        0.000        0.000        0.000        0.000        0.000
  1150:        0.000        0.000        0.000        0.000        0.000
  1155:        0.000        0.000        0.000        0.000        0.000
  1160:        0.000        0.000        0.000        0.000        0.000
  1165:        0.000        0.000        0.000        0.000        0.000
  1170:        0.000        0.000        0.000        0.000        0.000
  1175:        0.000        0.000        0.000        0.000        0.000
  1180:        0.000        0.000        0.000        0.000        0.000
  1185:        0.000        0.000        0.000        0.000        0.000
  1190:        0.000        0.000        0.000        0.000        0.000
  1195:        0.000        0.000        0.000        0.000        0.000
  1200:        0.000        0.000        0.000        0.000        0.000
  1205:        0.000        0.000        0.000        0.000        0.000
  1210:        0.000        0.000        0.000        0.000        0.000
  1215:        0.000        0.000        0.000        0.000        0.000
  1220:        0.000        0.000        0.000        0.000        0.000
  1225:        0.000        0.000        0.000        0.000        0.000
  1230:        0.000        0.000        0.000        0.000        0.000
  1235:        0.000        0.000        0.000        0.000        0.000
  1240:        0.000        0.000        0.000        0.000        0.000
  1245:        0.000        0.000        0.000        0.000        0.000
  1250:        0.000        0.000        0.000        0.000        0.000
  1255:        0.000        0.000        0.000        0.000        0.000
  1260:        0.000        0.000        0.000        0.000        0.000
  1265:        0.000        0.000        0.000        0.000        0.000
  1270:        0.000        0.000        0.000        0.000        0.000
  1275:        0.000        0.000        0.000        0.000        0.000
  1280:        0.000        0.000        0.000        0.000        0.000
  1285:        0.000        0.000        0.000        0.000        0.000
  1290:        0.000        0.000        0.000        0.000        0.000
  1295:        0.000        0.000        0.000        0.000        0.000
  1300:        0.000        0.000        0.000        0.000        0.000
  1305:        0.000        0.000        0.000        0.000        0.000
  1310:        0.000        0.000        0.000        0.000        0.000
  1315:        0.000        0.000        0.000        0.000        0.000
  1320:        0.000        0.000        0.000        0.000        0.000
  1325:        0.000        0.000        0.000        0.000        0.000
  1330:        0.000        0.000        0.000        0.000        0.000
  1335:        0.000        0.000        0.000        0.000        0.000
  1340:        0.000        0.000        0.000        0.000        0.000
  1345:        0.000        0.000        0.000        0.000        0.000
  1350:        0.000        0.000        0.000        0.000        0.000
  1355:        0.000        0.000        0.000        0.000        0.000
  1360:        0.000        0.000        0.000        0.000        0.000
  1365:        0.000        0.000        0.000        0.000        0.000
  1370:        0.000        0.000        0.000        0.000        0.000
  1375:        0.000        0.000        0.000        0.000        0.000
  1380:        0.000        0.000        0.000        0.000        0.000
  1385:        0.000        0.000        0.000        0.000        0.000
  1390:        0.000        0.000        0.000        0.000        0.000
  1395:        0.000        0.000        0.000        0.000        0.000
  1400:        0.000        0.000        0.000        0.000        0.000
  1405:        0.000        0.000        0.000        0.000        0.000
  1410:        0.000        0.000        0.000        0.000        0.000
  1415:        0.000        0.000        0.000        0.000        0.000
  1420:        0.000        0.000        0.000        0.000        0.000
  1425:        0.000        0.000        0.000        0.000        0.000
  1430:        0.000        0.000        0.000        0.000        0.000
  1435:        0.000        0.000        0.000        0.000        0.000
  1440:        0.000        0.000        0.000        0.000        0.000
  1445:        0.000        0.000        0.000        0.000        0.000
  1450:        0.000        0.000        0.000        0.000        0.000
  1455:        0.000        0.000        0.000        0.000        0.000
  1460:        0.000        0.000        0.000        0.000        0.000
  1465:        0.000        0.000        0.000        0.000        0.000
  1470:        0.000        0.000        0.000        0.000        0.000
  1475:        0.000        0.000        0.000        0.000        0.000
  1480:        0.000        0.000        0.000        0.000        0.000
  1485:        0.000        0.000        0.000        0.000        0.000
  1490:        0.000        0.000        0.000        0.000        0.000
  1495:        0.000        0.000        0.000        0.000        0.000
  1500:        0.000        0.000        0.000        0.000        0.000
  1505:        0.000        0.000        0.000        0.000        0.000
  1510:        0.000        0.000        0.000        0.000        0.000
  1515:        0.000        0.000        0.000        0.000        0.000
  1520:        0.000        0.000        0.000        0.000        0.000
  1525:        0.000        0.000        0.000        0.000        0.000
  1530:        0.000        0.000        0.000        0.000        0.000
  1535:        0.000        0.000        0.000        0.000        0.000
  1540:        0.000        0.000        0.000        0.000        0.000
  1545:        0.000        0.000        0.000        0.000        0.000
  1550:        0.000        0.000        0.000        0.000        0.000
  1555:        0.000        0.000        0.000        0.000        0.000
  1560:        0.000        0.000        0.000        0.000        0.000
  1565:        0.000        0.000        0.000        0.000        0.000
  1570:        0.000        0.000        0.000        0.000        0.000
  1575:        0.000        0.000        0.000        0.000        0.000
  1580:        0.000        0.000        0.000        0.000        0.000
  1585:        0.000        0.000        0.000        0.000        0.000
  1590:        0.000        0.000        0.000        0.000        0.000
  1595:        0.000        0.000        0.000        0.000        0.000
  1600:        0.000        0.000        0.000        0.000        0.000
  1605:        0.000        0.000        0.000        0.000        0.000
  1610:        0.000        0.000        0.000        0.000        0.000
  1615:        0.000        0.000        0.000        0.000        0.000
  1620:        0.000        0.000        0.000        0.000        0.000
  1625:        0.000        0.000        0.000        0.000        0.000
  1630:        0.000        0.000        0.000        0.000        0.000
  1635:        0.000        0.000        0.000        0.000        0.000
  1640:        0.000        0.000        0.000        0.000        0.000
  1645:        0.000        0.000        0.000        0.000        0.000
  1650:        0.000        0.000        0.000        0.000        0.000
  1655:        0.000        0.000        0.000        0.000        0.000
  1660:        0.000        0.000        0.000        0.000        0.000
  1665:        0.000        0.000        0.000        0.000        0.000
  1670:        0.000        0.000        0.000        0.000        0.000
  1675:        0.000        0.000        0.000        0.000        0.000
  1680:        0.000        0.000        0.000        0.000        0.000
  1685:        0.000        0.000        0.000        0.000        0.000
  1690:        0.000        0.000        0.000        0.000        0.000
  1695:        0.000        0.000        0.000        0.000        0.000
  1700:        0.000        0.000        0.000        0.000        0.000
  1705:        0.000        0.000        0.000        0.000        0.000
  1710:        0.000        0.000        0.000        0.000        0.000
  1715:        0.000        0.000        0.000        0.000        0.000
  1720:        0.000        0.000        0.000        0.000        0.000
  1725:        0.000        0.000        0.000        0.000        0.000
  1730:        0.000        0.000        0.000        0.000        0.000
  1735:        0.000        0.000        0.000        0.000        0.000
  1740:        0.000        0.000        0.000        0.000        0.000
  1745:        0.000        0.000        0.000        0.000        0.000
  1750:        0.000        0.000        0.000        0.000        0.000
  1755:        0.000        0.000        0.000        0.000        0.000
  1760:        0.000        0.000        0.000        0.000        0.000
  1765:        0.000        0.000        0.000        0.000        0.000
  1770:        0.000        0.000        0.000        0.000        0.000
  1775:        0.000        0.000        0.000        0.000        0.000
  1780:        0.000        0.000        0.000        0.000        0.000
  1785:        0.000        0.000        0.000        0.000        0.000
  1790:        0.000        0.000        0.000        0.000        0.000
  1795:        0.000        0.000        0.000        0.000        0.000
  1800:        0.000        0.000        0.000        0.000        0.000
  1805:        0.000        0.000        0.000        0.000        0.000
  1810:        0.000        0.000        0.000        0.000        0.000
  1815:        0.000        0.000        0.000        0.000        0.000
  1820:        0.000        0.000        0.000        0.000        0.000
  1825:        0.000        0.000        0.000        0.000        0.000
  1830:        0.000        0.000        0.000        0.000        0.000
  1835:        0.000        0.000        0.000        0.000        0.000
  1840:        0.000        0.000        0.000        0.000        0.000
  1845:        0.000        0.000        0.000        0.000        0.000
  1850:        0.000        0.000        0.000        0.000        0.000
  1855:        0.000        0.000        0.000        0.000        0.000
  1860:        0.000        0.000        0.000        0.000        0.000
  1865:        0.000        0.000        0.000        0.000        0.000
  1870:        0.000        0.000        0.000        0.000        0.000
  1875:        0.000        0.000        0.000        0.000        0.000
  1880:        0.000        0.000        0.000        0.000        0.000
  1885:        0.000        0.000        0.000        0.000        0.000
  1890:        0.000        0.000        0.000        0.000        0.000
  1895:        0.000        0.000        0.000        0.000        0.000
  1900:        0.000        0.000        0.000        0.000        0.000
  1905:        0.000        0.000        0.000        0.000        0.000
  1910:        0.000        0.000        0.000        0.000        0.000
  1915:        0.000        0.000        0.000        0.000        0.000
  1920:        0.000        0.000        0.000        0.000        0.000
  1925:        0.000        0.000        0.000        0.000        0.000
  1930:        0.000        0.000        0.000        0.000        0.000
  1935:        0.000        0.000        0.000        0.000        0.000
  1940:        0.000        0.000        0.000        0.000        0.000
  1945:        0.000        0.000        0.000        0.000        0.000
  1950:        0.000        0.000        0.000        0.000        0.000
  1955:        0.000        0.000        0.000        0.000        0.000
  1960:        0.000        0.000        0.000        0.000        0.000
  1965:        0.000        0.000        0.000        0.000        0.000
  1970:        0.000        0.000        0.000        0.000        0.000
  1975:        0.000        0.000        0.000        0.000        0.000
  1980:        0.000        0.000        0.000        0.000        0.000
  1985:        0.000        0.000        0.000        0.000        0.000
  1990:        0.000        0.000        0.000        0.000        0.000
  1995:        0.000        0.000        0.000        0.000        0.000
  2000:        0.000
V:
     0:       27.230       59.720       68.430      327.560      337.110
     5:      360.820      379.480      387.850      395.110      591.030
    10:      599.400      609.650      624.100      632.230      839.680
    15:      849.630      866.530      875.790      883.670      894.870
    20:      933.660      941.380      949.570      980.040      991.760
    25:     1028.160     1096.980     1117.990     1130.480     1141.230
    30:     1195.750     1217.290     1265.580        0.000        0.000
    35:        0.000        0.000        0.000        0.000        0.000
    40:        0.000        0.000        0.000        0.000        0.000
    45:        0.000        0.000        0.000        0.000        0.000
    50:        0.000        0.000        0.000        0.000        0.000
    55:        0.000        0.000        0.000        0.000        0.000
    60:        0.000        0.000        0.000        0.000        0.000
    65:        0.000        0.000        0.000        0.000        0.000
    70:        0.000        0.000        0.000        0.000        0.000
    75:        0.000        0.000        0.000        0.000        0.000
    80:        0.000        0.000        0.000        0.000        0.000
    85:        0.000        0.000        0.000        0.000        0.000
    90:        0.000        0.000        0.000        0.000        0.000
    95:        0.000        0.000        0.000        0.000        0.000
   100:        0.000        0.000        0.000        0.000        0.000
   105:        0.000        0.000        0.000        0.000        0.000
   110:        0.000        0.000        0.000        0.000        0.000
   115:        0.000        0.000        0.000        0.000        0.000
   120:        0.000        0.000        0.000        0.000        0.000
   125:        0.000        0.000        0.000        0.000        0.000
   130:        0.000        0.000        0.000        0.000        0.000
   135:        0.000        0.000        0.000        0.000        0.000
   140:        0.000        0.000        0.000        0.000        0.000
   145:        0.000        0.000        0.000        0.000        0.000
   150:        0.000        0.000        0.000        0.000        0.000
   155:        0.000        0.000        0.000        0.000        0.000
   160:        0.000        0.000        0.000        0.000        0.000
   165:        0.000        0.000        0.000        0.000        0.000
   170:        0.000        0.000        0.000        0.000        0.000
   175:        0.000        0.000        0.000        0.000        0.000
   180:        0.000        0.000        0.000        0.000        0.000
   185:        0.000        0.000        0.000        0.000        0.000
   190:        0.000        0.000        0.000        0.000        0.000
   195:        0.000        0.000        0.000        0.000        0.000
   200:        0.000        0.000        0.000        0.000        0.000
   205:        0.000        0.000        0.000        0.000        0.000
   210:        0.000        0.000        0.000        0.000        0.000
   215:        0.000        0.000        0.000        0.000        0.000
   220:        0.000        0.000        0.000        0.000        0.000
   225:        0.000        0.000        0.000        0.000        0.000
   230:        0.000        0.000        0.000        0.000        0.000
   235:        0.000        0.000        0.000        0.000        0.000
   240:        0.000        0.000        0.000        0.000        0.000
   245:        0.000        0.000        0.000        0.000        0.000
   250:        0.000        0.000        0.000        0.000        0.000
   255:        0.000        0.000        0.000        0.000        0.000
   260:        0.000        0.000        0.000        0.000        0.000
   265:        0.000        0.000        0.000        0.000        0.000
   270:        0.000        0.000        0.000        0.000        0.000
   275:        0.000        0.000        0.000        0.000        0.000
   280:        0.000        0.000        0.000        0.000        0.000
   285:        0.000        0.000        0.000        0.000        0.000
   290:        0.000        0.000        0.000        0.000        0.000
   295:        0.000        0.000        0.000        0.000        0.000
   300:        0.000        0.000        0.000        0.000        0.000
   305:        0.000        0.000        0.000        0.000        0.000
   310:        0.000        0.000        0.000        0.000        0.000
   315:        0.000        0.000        0.000        0.000        0.000
   320:        0.000        0.000        0.000        0.000        0.000
   325:        0.000        0.000        0.000        0.000        0.000
   330:        0.000        0.000        0.000        0.000        0.000
   335:        0.000        0.000        0.000        0.000        0.000
   340:        0.000        0.000        0.000        0.000        0.000
   345:        0.000        0.000        0.000        0.000        0.000
   350:        0.000        0.000        0.000        0.000        0.000
   355:        0.000        0.000        0.000        0.000        0.000
   360:        0.000        0.000        0.000        0.000        0.000
   365:        0.000        0.000        0.000        0.000        0.000
   370:        0.000        0.000        0.000        0.000        0.000
   375:        0.000        0.000        0.000        0.000        0.000
   380:        0.000        0.000        0.000        0.000        0.000
   385:        0.000        0.000        0.000        0.000        0.000
   390:        0.000        0.000        0.000        0.000        0.000
   395:        0.000        0.000        0.000        0.000        0.000
   400:        0.000        0.000        0.000        0.000        0.000
   405:        0.000        0.000        0.000        0.000        0.000
   410:        0.000        0.000        0.000        0.000        0.000
   415:        0.000        0.000        0.000        0.000        0.000
   420:        0.000        0.000        0.000        0.000        0.000
   425:        0.000        0.000        0.000        0.000        0.000
   430:        0.000        0.000        0.000        0.000        0.000
   435:        0.000        0.000        0.000        0.000        0.000
   440:        0.000        0.000        0.000        0.000        0.000
   445:        0.000        0.000        0.000        0.000        0.000
   450:        0.000        0.000        0.000        0.000        0.000
   455:        0.000        0.000        0.000        0.000        0.000
   460:        0.000        0.000        0.000        0.000        0.000
   465:        0.000        0.000        0.000        0.000        0.000
   470:        0.000        0.000        0.000        0.000        0.000
   475:        0.000        0.000        0.000        0.000        0.000
   480:        0.000        0.000        0.000        0.000        0.000
   485:        0.000        0.000        0.000        0.000        0.000
   490:        0.000        0.000        0.000        0.000        0.000
   495:        0.000        0.000        0.000        0.000        0.000
   500:        0.000        0.000        0.000        0.000        0.000
   505:        0.000        0.000        0.000        0.000        0.000
   510:        0.000        0.000        0.000        0.000        0.000
   515:        0.000        0.000        0.000        0.000        0.000
   520:        0.000        0.000        0.000        0.000        0.000
   525:        0.000        0.000        0.000        0.000        0.000
   530:        0.000        0.000        0.000        0.000        0.000
   535:        0.000        0.000        0.000        0.000        0.000
   540:        0.000        0.000        0.000        0.000        0.000
   545:        0.000        0.000        0.000        0.000        0.000
   550:        0.000        0.000        0.000        0.000        0.000
   555:        0.000        0.000        0.000        0.000        0.000
   560:        0.000        0.000        0.000        0.000        0.000
   565:        0.000        0.000        0.000        0.000        0.000
   570:        0.000        0.000        0.000        0.000        0.000
   575:        0.000        0.000        0.000        0.000        0.000
   580:        0.000        0.000        0.000        0.000        0.000
   585:        0.000        0.000        0.000        0.000        0.000
   590:        0.000        0.000        0.000        0.000        0.000
   595:        0.000        0.000        0.000        0.000        0.000
   600:        0.000        0.000        0.000        0.000        0.000
   605:        0.000        0.000        0.000        0.000        0.000
   610:        0.000        0.000        0.000        0.000        0.000
   615:        0.000        0.000        0.000        0.000        0.000
   620:        0.000        0.000        0.000        0.000        0.000
   625:        0.000        0.000        0.000        0.000        0.000
   630:        0.000        0.000        0.000        0.000        0.000
   635:        0.000        0.000        0.000        0.000        0.000
   640:        0.000        0.000        0.000        0.000        0.000
   645:        0.000        0.000        0.000        0.000        0.000
   650:        0.000        0.000        0.000        0.000        0.000
   655:        0.000        0.000        0.000        0.000        0.000
   660:        0.000        0.000        0.000        0.000        0.000
   665:        0.000        0.000        0.000        0.000        0.000
   670:        0.000        0.000        0.000        0.000        0.000
   675:        0.000        0.000        0.000        0.000        0.000
   680:        0.000        0.000        0.000        0.000        0.000
   685:        0.000        0.000        0.000        0.000        0.000
   690:        0.000        0.000        0.000        0.000        0.000
   695:        0.000        0.000        0.000        0.000        0.000
   700:        0.000        0.000        0.000        0.000        0.000
   705:        0.000        0.000        0.000        0.000        0.000
   710:        0.000        0.000        0.000        0.000        0.000
   715:        0.000        0.000        0.000        0.000        0.000
   720:        0.000        0.000        0.000        0.000        0.000
   725:        0.000        0.000        0.000        0.000        0.000
   730:        0.000        0.000        0.000        0.000        0.000
   735:        0.000        0.000        0.000        0.000        0.000
   740:        0.000        0.000        0.000        0.000        0.000
   745:        0.000        0.000        0.000        0.000        0.000
   750:        0.000        0.000        0.000        0.000        0.000
   755:        0.000        0.000        0.000        0.000        0.000
   760:        0.000        0.000        0.000        0.000        0.000
   765:        0.000        0.000        0.000        0.000        0.000
   770:        0.000        0.000        0.000        0.000        0.000
   775:        0.000        0.000        0.000        0.000        0.000
   780:        0.000        0.000        0.000        0.000        0.000
   785:        0.000        0.000        0.000        0.000        0.000
   790:        0.000        0.000        0.000        0.000        0.000
   795:        0.000        0.000        0.000        0.000        0.000
   800:        0.000        0.000        0.000        0.000        0.000
   805:        0.000        0.000        0.000        0.000        0.000
   810:        0.000        0.000        0.000        0.000        0.000
   815:        0.000        0.000        0.000        0.000        0.000
   820:        0.000        0.000        0.000        0.000        0.000
   825:        0.000        0.000        0.000        0.000        0.000
   830:        0.000        0.000        0.000        0.000        0.000
   835:        0.000        0.000        0.000        0.000        0.000
   840:        0.000        0.000        0.000        0.000        0.000
   845:        0.000        0.000        0.000        0.000        0.000
   850:        0.000        0.000        0.000        0.000        0.000
   855:        0.000        0.000        0.000        0.000        0.000
   860:        0.000        0.000        0.000        0.000        0.000
   865:        0.000        0.000        0.000        0.000        0.000
   870:        0.000        0.000        0.000        0.000        0.000
   875:        0.000        0.000        0.000        0.000        0.000
   880:        0.000        0.000        0.000        0.000        0.000
   885:        0.000        0.000        0.000        0.000        0.000
   890:        0.000        0.000        0.000        0.000        0.000
   895:        0.000        0.000        0.000        0.000        0.000
   900:        0.000        0.000        0.000        0.000        0.000
   905:        0.000        0.000        0.000        0.000        0.000
   910:        0.000        0.000        0.000        0.000        0.000
   915:        0.000        0.000        0.000        0.000        0.000
   920:        0.000        0.000        0.000        0.000        0.000
   925:        0.000        0.000        0.000        0.000        0.000
   930:        0.000        0.000        0.000        0.000        0.000
   935:        0.000        0.000        0.000        0.000        0.000
   940:        0.000        0.000        0.000        0.000        0.000
   945:        0.000        0.000        0.000        0.000        0.000
   950:        0.000        0.000        0.000        0.000        0.000
   955:        0.000        0.000        0.000        0.000        0.000
   960:        0.000        0.000        0.000        0.000        0.000
   965:        0.000        0.000        0.000        0.000        0.000
   970:        0.000        0.000        0.000        0.000        0.000
   975:        0.000        0.000        0.000        0.000        0.000
   980:        0.000        0.000        0.000        0.000        0.000
   985:        0.000        0.000        0.000        0.000        0.000
   990:        0.000        0.000        0.000        0.000        0.000
   995:        0.000        0.000        0.000        0.000        0.000
  1000:        0.000        0.000        0.000        0.000        0.000
  1005:        0.000        0.000        0.000        0.000        0.000
  1010:        0.000        0.000        0.000        0.000        0.000
  1015:        0.000        0.000        0.000        0.000        0.000
  1020:        0.000        0.000        0.000        0.000        0.000
  1025:        0.000        0.000        0.000        0.000        0.000
  1030:        0.000        0.000        0.000        0.000        0.000
  1035:        0.000        0.000        0.000        0.000        0.000
  1040:        0.000        0.000        0.000        0.000        0.000
  1045:        0.000        0.000        0.000        0.000        0.000
  1050:        0.000        0.000        0.000        0.000        0.000
  1055:        0.000        0.000        0.000        0.000        0.000
  1060:        0.000        0.000        0.000        0.000        0.000
  1065:        0.000        0.000        0.000        0.000        0.000
  1070:        0.000        0.000        0.000        0.000        0.000
  1075:        0.000        0.000        0.000        0.000        0.000
  1080:        0.000        0.000        0.000        0.000        0.000
  1085:        0.000        0.000        0.000        0.000        0.000
  1090:        0.000        0.000        0.000        0.000        0.000
  1095:        0.000        0.000        0.000        0.000        0.000
  1100:        0.000        0.000        0.000        0.000        0.000
  1105:        0.000        0.000        0.000        0.000        0.000
  1110:        0.000        0.000        0.000        0.000        0.000
  1115:        0.000        0.000        0.000        0.000        0.000
  1120:        0.000        0.000        0.000        0.000        0.000
  1125:        0.000        0.000        0.000        0.000        0.000
  1130:        0.000        0.000        0.000        0.000        0.000
  1135:        0.000        0.000        0.000        0.000        0.000
  1140:        0.000        0.000        0.000        0.000        0.000
  1145:        0.000        0.000        0.000        0.000        0.000
  1150:        0.000        0.000        0.000        0.000        0.000
  1155:        0.000        0.000        0.000        0.000        0.000
  1160:        0.000        0.000        0.000        0.000        0.000
  1165:        0.000        0.000        0.000        0.000        0.000
  1170:        0.000        0.000        0.000        0.000        0.000
  1175:        0.000        0.000        0.000        0.000        0.000
  1180:        0.000        0.000        0.000        0.000        0.000
  1185:        0.000        0.000        0.000        0.000        0.000
  1190:        0.000        0.000        0.000        0.000        0.000
  1195:        0.000        0.000        0.000        0.000        0.000
  1200:        0.000        0.000        0.000        0.000        0.000
  1205:        0.000        0.000        0.000        0.000        0.000
  1210:        0.000        0.000        0.000        0.000        0.000
  1215:        0.000        0.000        0.000        0.000        0.000
  1220:        0.000        0.000        0.000        0.000        0.000
  1225:        0.000        0.000        0.000        0.000        0.000
  1230:        0.000        0.000        0.000        0.000        0.000
  1235:        0.000        0.000        0.000        0.000        0.000
  1240:        0.000        0.000        0.000        0.000        0.000
  1245:        0.000        0.000        0.000        0.000        0.000
  1250:        0.000        0.000        0.000        0.000        0.000
  1255:        0.000        0.000        0.000        0.000        0.000
  1260:        0.000        0.000        0.000        0.000        0.000
  1265:        0.000        0.000        0.000        0.000        0.000
  1270:        0.000        0.000        0.000        0.000        0.000
  1275:        0.000        0.000        0.000        0.000        0.000
  1280:        0.000        0.000        0.000        0.000        0.000
  1285:        0.000        0.000        0.000        0.000        0.000
  1290:        0.000        0.000        0.000        0.000        0.000
  1295:        0.000        0.000        0.000        0.000        0.000
  1300:        0.000        0.000        0.000        0.000        0.000
  1305:        0.000        0.000        0.000        0.000        0.000
  1310:        0.000        0.000        0.000        0.000        0.000
  1315:        0.000        0.000        0.000        0.000        0.000
  1320:        0.000        0.000        0.000        0.000        0.000
  1325:        0.000        0.000        0.000        0.000        0.000
  1330:        0.000        0.000        0.000        0.000        0.000
  1335:        0.000        0.000        0.000        0.000        0.000
  1340:        0.000        0.000        0.000        0.000        0.000
  1345:        0.000        0.000        0.000        0.000        0.000
  1350:        0.000        0.000        0.000        0.000        0.000
  1355:        0.000        0.000        0.000        0.000        0.000
  1360:        0.000        0.000        0.000        0.000        0.000
  1365:        0.000        0.000        0.000        0.000        0.000
  1370:        0.000        0.000        0.000        0.000        0.000
  1375:        0.000        0.000        0.000        0.000        0.000
  1380:        0.000        0.000        0.000        0.000        0.000
  1385:        0.000        0.000        0.000        0.000        0.000
  1390:        0.000        0.000        0.000        0.000        0.000
  1395:        0.000        0.000        0.000        0.000        0.000
  1400:        0.000        0.000        0.000        0.000        0.000
  1405:        0.000        0.000        0.000        0.000        0.000
  1410:        0.000        0.000        0.000        0.000        0.000
  1415:        0.000        0.000        0.000        0.000        0.000
  1420:        0.000        0.000        0.000        0.000        0.000
  1425:        0.000        0.000        0.000        0.000        0.000
  1430:        0.000        0.000        0.000        0.000        0.000
  1435:        0.000        0.000        0.000        0.000        0.000
  1440:        0.000        0.000        0.000        0.000        0.000
  1445:        0.000        0.000        0.000        0.000        0.000
  1450:        0.000        0.000        0.000        0.000        0.000
  1455:        0.000        0.000        0.000        0.000        0.000
  1460:        0.000        0.000        0.000        0.000        0.000
  1465:        0.000        0.000        0.000        0.000        0.000
  1470:        0.000        0.000        0.000        0.000        0.000
  1475:        0.000        0.000        0.000        0.000        0.000
  1480:        0.000        0.000        0.000        0.000        0.000
  1485:        0.000        0.000        0.000        0.000        0.000
  1490:        0.000        0.000        0.000        0.000        0.000
  1495:        0.000        0.000        0.000        0.000        0.000
  1500:        0.000        0.000        0.000        0.000        0.000
  1505:        0.000        0.000        0.000        0.000        0.000
  1510:        0.000        0.000        0.000        0.000        0.000
  1515:        0.000        0.000        0.000        0.000        0.000
  1520:        0.000        0.000        0.000        0.000        0.000
  1525:        0.000        0.000        0.000        0.000        0.000
  1530:        0.000        0.000        0.000        0.000        0.000
  1535:        0.000        0.000        0.000        0.000        0.000
  1540:        0.000        0.000        0.000        0.000        0.000
  1545:        0.000        0.000        0.000        0.000        0.000
  1550:        0.000        0.000        0.000        0.000        0.000
  1555:        0.000        0.000        0.000        0.000        0.000
  1560:        0.000        0.000        0.000        0.000        0.000
  1565:        0.000        0.000        0.000        0.000        0.000
  1570:        0.000        0.000        0.000        0.000        0.000
  1575:        0.000        0.000        0.000        0.000        0.000
  1580:        0.000        0.000        0.000        0.000        0.000
  1585:        0.000        0.000        0.000        0.000        0.000
  1590:        0.000        0.000        0.000        0.000        0.000
  1595:        0.000        0.000        0.000        0.000        0.000
  1600:        0.000        0.000        0.000        0.000        0.000
  1605:        0.000        0.000        0.000        0.000        0.000
  1610:        0.000        0.000        0.000        0.000        0.000
  1615:        0.000        0.000        0.000        0.000        0.000
  1620:        0.000        0.000        0.000        0.000        0.000
  1625:        0.000        0.000        0.000        0.000        0.000
  1630:        0.000        0.000        0.000        0.000        0.000
  1635:        0.000        0.000        0.000        0.000        0.000
  1640:        0.000        0.000        0.000        0.000        0.000
  1645:        0.000        0.000        0.000        0.000        0.000
  1650:        0.000        0.000        0.000        0.000        0.000
  1655:        0.000        0.000        0.000        0.000        0.000
  1660:        0.000        0.000        0.000        0.000        0.000
  1665:        0.000        0.000        0.000        0.000        0.000
  1670:        0.000        0.000        0.000        0.000        0.000
  1675:        0.000        0.000        0.000        0.000        0.000
  1680:        0.000        0.000        0.000        0.000        0.000
  1685:        0.000        0.000        0.000        0.000        0.000
  1690:        0.000        0.000        0.000        0.000        0.000
  1695:        0.000        0.000        0.000        0.000        0.000
  1700:        0.000        0.000        0.000        0.000        0.000
  1705:        0.000        0.000        0.000        0.000        0.000
  1710:        0.000        0.000        0.000        0.000        0.000
  1715:        0.000        0.000        0.000        0.000        0.000
  1720:        0.000        0.000        0.000        0.000        0.000
  1725:        0.000        0.000        0.000        0.000        0.000
  1730:        0.000        0.000        0.000        0.000        0.000
  1735:        0.000        0.000        0.000        0.000        0.000
  1740:        0.000        0.000        0.000        0.000        0.000
  1745:        0.000        0.000        0.000        0.000        0.000
  1750:        0.000        0.000        0.000        0.000        0.000
  1755:        0.000        0.000        0.000        0.000        0.000
  1760:        0.000        0.000        0.000        0.000        0.000
  1765:        0.000        0.000        0.000        0.000        0.000
  1770:        0.000        0.000        0.000        0.000        0.000
  1775:        0.000        0.000        0.000        0.000        0.000
  1780:        0.000        0.000        0.000        0.000        0.000
  1785:        0.000        0.000        0.000        0.000        0.000
  1790:        0.000        0.000        0.000        0.000        0.000
  1795:        0.000        0.000        0.000        0.000        0.000
  1800:        0.000        0.000        0.000        0.000        0.000
  1805:        0.000        0.000        0.000        0.000        0.000
  1810:        0.000        0.000        0.000        0.000        0.000
  1815:        0.000        0.000        0.000        0.000        0.000
  1820:        0.000        0.000        0.000        0.000        0.000
  1825:        0.000        0.000        0.000        0.000        0.000
  1830:        0.000        0.000        0.000        0.000        0.000
  1835:        0.000        0.000        0.000        0.000        0.000
  1840:        0.000        0.000        0.000        0.000        0.000
  1845:        0.000        0.000        0.000        0.000        0.000
  1850:        0.000        0.000        0.000        0.000        0.000
  1855:        0.000        0.000        0.000        0.000        0.000
  1860:        0.000        0.000        0.000        0.000        0.000
  1865:        0.000        0.000        0.000        0.000        0.000
  1870:        0.000        0.000        0.000        0.000        0.000
  1875:        0.000        0.000        0.000        0.000        0.000
  1880:        0.000        0.000        0.000        0.000        0.000
  1885:        0.000        0.000        0.000        0.000        0.000
  1890:        0.000        0.000        0.000        0.000        0.000
  1895:        0.000        0.000        0.000        0.000        0.000
  1900:        0.000        0.000        0.000        0.000        0.000
  1905:        0.000        0.000        0.000        0.000        0.000
  1910:        0.000        0.000        0.000        0.000        0.000
  1915:        0.000        0.000        0.000        0.000        0.000
  1920:        0.000        0.000        0.000        0.000        0.000
  1925:        0.000        0.000        0.000        0.000        0.000
  1930:        0.000        0.000        0.000        0.000        0.000
  1935:        0.000        0.000        0.000        0.000        0.000
  1940:        0.000        0.000        0.000        0.000        0.000
  1945:        0.000        0.000        0.000        0.000        0.000
  1950:        0.000        0.000        0.000        0.000        0.000
  1955:        0.000        0.000        0.000        0.000        0.000
  1960:        0.000        0.000        0.000        0.000        0.000
  1965:        0.000        0.000        0.000        0.000        0.000
  1970:        0.000        0.000        0.000        0.000        0.000
  1975:        0.000        0.000        0.000        0.000        0.000
  1980:        0.000        0.000        0.000        0.000        0.000
  1985:        0.000        0.000        0.000        0.000        0.000
  1990:        0.000        0.000        0.000        0.000        0.000
  1995:        0.000        0.000        0.000        0.000        0.000
  2000:        0.000
