File: C:\MED-PC\Data\2025-02-03_12h41m_Subject 5.1.txt


Start Date: 02/03/25
End Date: 02/03/25
Subject: 5.1
Experiment: 5HT
Group: 
Box: 11
Start Time: 12:41:58
End Time: 13:07:38
MSN: 25_IC_FR1_BothActive_Retract_Omit_60min_80reward
D:      80.000
F:      29.000
G:      51.000
H:       0.000
J:       0.000
K:      29.000
L:      77.000
M:       0.000
N:  153296.000
O:       0.000
R:       0.000
T:       0.000
U:       1.000
W:       1.000
X:      51.000
Y:       0.000
Z:       0.000
A:
     0:        0.000      136.000        0.000        3.000      600.000
     5:      400.000
B:
     0:        0.000       31.000       25.000
C:
     0:        4.000        5.000        6.000
E:
     0:       22.900       32.300       38.610       43.930       60.610
     5:       67.660       79.080       85.770      121.630      129.420
    10:      135.100      150.250      154.840      161.080      172.890
    15:      181.690      208.210      243.400      294.460      369.030
    20:      377.210      384.200      392.020      430.190      437.800
    25:      449.670      460.910      470.740      481.400      487.310
    30:      494.740      537.620      625.990      640.360      670.290
    35:      682.640      690.390      697.830      704.770      711.840
    40:      718.080      726.220      732.310      738.050      750.360
    45:      762.440      781.490      824.380      835.380      860.530
    50:      876.490      885.510      897.700      915.360      931.770
    55:      944.450      973.230      989.860     1165.010     1199.970
    60:     1212.340     1256.620     1262.530     1270.520     1277.820
    65:     1286.110     1380.820     1420.810     1447.590     1453.580
    70:     1489.550     1501.460     1507.140     1512.910     1519.810
    75:     1526.300     1532.910
I:
     0:        0.000       16.120       24.100       36.000       41.480
     5:       48.920       64.200       69.720       80.590       90.300
    10:      104.420      118.540      125.350      132.380      137.820
    15:      152.440      158.470      163.620      169.930      183.210
    20:      198.330      210.490      224.610      239.730      245.960
    25:      261.080      277.200      292.320      297.170      313.290
    30:      328.410      343.530      357.650      373.430      380.080
    35:      389.190      394.290      410.410      424.530      433.400
    40:      440.000      454.940      464.850      473.560      484.300
    45:      491.310      497.790      511.800      525.810      540.290
    50:      554.300      568.310      582.320      596.330      610.340
    55:      624.350      631.030      645.230      659.240      674.610
    60:      683.190      694.150      703.130      708.830      714.980
    65:      722.960      729.260      736.350      742.010      754.250
    70:      765.060      779.070      786.330      800.340      814.350
    75:      829.100      835.890      849.900      864.360      869.520
    80:      884.860      898.530      911.840      919.850      932.930
    85:      939.290      950.510      955.660      964.470      980.590
    90:      987.660     1001.780     1016.900     1032.020     1047.140
    95:     1061.260     1075.380     1089.500     1104.620     1118.740
   100:     1134.860     1148.980     1163.690     1179.810     1193.930
   105:     1202.570     1217.380     1233.500     1247.620     1260.450
   110:     1267.560     1275.560     1282.770     1287.970     1300.980
   115:     1313.990     1327.000     1340.010     1353.020     1366.030
   120:     1379.040     1384.850     1397.860     1410.870     1424.650
   125:     1437.660     1451.560     1457.710     1470.720     1483.730
   130:     1490.190     1504.630     1510.770     1516.650     1522.660
   135:     1528.640
P:
     0:       10.110      100.410      114.530      193.320      220.600
     5:      234.720      256.070      271.190      287.310      307.280
    10:      323.400      338.520      353.640      404.400      420.520
    15:      974.580      997.770     1011.890     1027.010     1042.130
    20:     1057.250     1071.370     1085.490     1099.610     1114.730
    25:     1128.850     1144.970     1173.800     1189.920     1227.490
    30:     1243.610
Q:
     0:       30.990       37.470       42.910       65.710       75.580
     5:       84.290      119.340      126.370      147.430      159.610
    10:      164.920      179.200      206.480      293.160      367.420
    15:      383.180      390.280      429.390      435.990      448.930
    20:      459.840      469.550      480.290      486.300      493.780
    25:      689.140      697.120      703.820      710.970      716.950
    30:      725.250      731.340      737.000      749.240      761.050
    35:      894.520      905.830      934.280      946.500      960.460
    40:      983.650     1157.680     1198.560     1211.370     1255.440
    45:     1261.550     1269.550     1276.760     1284.960     1518.650
    50:     1523.630
S:
     0:      507.800      521.810      550.300      564.310      578.320
     5:      592.330      606.340      620.350      655.240      775.070
    10:      796.340      810.350      845.900     1297.980     1310.990
    15:     1324.000     1337.010     1350.020     1363.030     1376.040
    20:     1394.860     1407.870     1434.660     1467.720     1480.730
V:
     0:       18.090       58.190      133.810      153.460      241.950
     5:      376.070      534.270      625.010      639.210      668.590
    10:      681.170      780.310      823.080      829.870      858.340
    15:      867.500      878.850      913.840      928.920      951.650
    20:     1379.830     1419.630     1446.540     1452.690     1488.170
    25:     1499.620     1505.760     1511.640     1529.940
