File: C:\MED-PC\Data\2025-02-12_13h54m_Subject 6.4.txt


Start Date: 02/12/25
End Date: 02/12/25
Subject: 6.4
Experiment: 5HT
Group: 
Box: 12
Start Time: 13:54:55
End Time: 14:17:52
MSN: 25_IC_FR1_BothActive_Retract_Omit_60min_140reward
D:     140.000
F:      88.000
G:      52.000
H:       0.000
J:       0.000
K:      88.000
L:     103.000
M:       0.000
N:  137241.000
O:       0.000
R:       0.000
T:       0.000
U:       3.000
W:       1.000
X:      52.000
Y:       0.000
Z:       0.000
A:
     0:        0.000      153.000        1.000        0.000      600.000
     5:      400.000
B:
     0:        0.000       13.000        0.000
C:
     0:        6.000
E:
     0:        1.740        8.400       16.370       26.490       33.100
     5:       41.250       47.940       54.600       60.970       67.700
    10:       76.240       82.710       89.390       97.210      103.470
    15:      110.780      117.380      124.840      130.990      138.930
    20:      145.480      151.960      163.290      170.320      176.790
    25:      184.100      191.180      197.850      204.300      214.940
    30:      225.840      239.190      242.660      249.720      256.350
    35:      265.020      271.440      281.080      287.180      294.130
    40:      302.720      308.030      314.630      321.380      327.560
    45:      335.990      345.040      349.170      363.180      370.140
    50:      378.380      401.240      410.570      420.760      432.940
    55:      444.490      464.550      490.390      498.070      506.000
    60:      514.510      526.800      535.730      567.560      574.710
    65:      581.220      587.850      595.950      607.350      613.670
    70:      620.850      631.650      638.460      651.920      663.170
    75:      682.670      688.090      703.420      717.030      738.270
    80:      750.260      753.860      763.900      771.010      784.960
    85:      808.290      841.130      870.030      880.630      896.320
    90:      917.410      938.950      970.110      981.690      984.620
    95:     1020.710     1042.440     1068.990     1101.160     1177.050
   100:     1207.190     1232.790     1242.540
I:
     0:        0.000        7.330       14.020       21.820       32.030
     5:       38.630       46.880       53.380       60.080       66.560
    10:       73.110       81.740       88.230       94.870      102.380
    15:      108.870      116.270      122.990      129.640      136.380
    20:      144.290      150.890      157.420      168.770      175.820
    25:      182.260      188.710      194.700      203.450      209.910
    30:      220.400      231.450      240.860      248.230      255.280
    35:      261.930      270.370      276.860      286.280      292.650
    40:      299.360      306.460      313.450      320.060      326.500
    45:      333.040      341.250      347.760      354.310      368.510
    50:      375.430      383.950      400.070      406.750      415.770
    55:      425.510      437.860      445.300      461.420      469.940
    60:      486.060      494.850      502.140      511.370      518.710
    65:      525.540      532.060      541.280      557.400      572.480
    70:      580.160      586.730      593.290      601.230      608.090
    75:      616.070      625.730      637.180      643.970      655.820
    80:      662.970      679.090      685.670      693.160      701.900
    85:      708.400      718.980      726.090      737.950      751.870
    90:      758.950      768.200      774.940      781.680      797.800
    95:      806.810      813.420      826.430      842.550      858.670
   100:      865.540      874.350      882.010      888.470      894.940
   105:      901.390      910.530      926.650      934.640      941.990
   110:      949.370      965.490      981.220      989.010     1005.130
   115:     1012.150     1021.030     1028.200     1038.650     1045.250
   120:     1053.160     1062.750     1073.680     1088.420     1104.540
   125:     1116.730     1125.650     1141.550     1150.760     1158.740
   130:     1166.030     1172.360     1184.330     1200.450     1212.020
   135:     1218.580     1225.080     1234.110     1240.750     1247.500
   140:     1258.290     1266.750     1273.080     1286.160     1294.600
   145:     1301.130     1308.690     1316.660     1323.390     1335.820
   150:     1346.250     1357.880     1364.440
P:
     0:      394.060      455.410      480.050      551.390      673.080
     5:      791.790      836.540      852.660      920.640      959.480
    10:      999.120     1098.530     1194.440
Q:
     0:        8.010       26.020       40.870       60.550       67.100
     5:      116.980      197.430      203.890      214.380      225.430
    10:      238.840      242.220      249.270      255.920      314.050
    15:      320.490      327.030      348.300      362.500      377.940
    20:      439.290      535.270      574.150      580.720      587.280
    25:      602.080      610.060      631.170      637.960      687.150
    30:      712.970      745.860      768.930      775.670      820.420
    35:      876.000      904.520     1006.140     1022.190     1110.720
    40:     1119.640     1135.540     1152.730     1178.320     1234.740
    45:     1241.490     1252.280     1267.070     1288.590     1310.650
    50:     1317.380     1340.240
S:
     0:        0.000        0.000        0.000        0.000        0.000
     5:        0.000        0.000        0.000        0.000        0.000
    10:        0.000        0.000        0.000        0.000        0.000
    15:        0.000        0.000        0.000        0.000        0.000
    20:        0.000        0.000        0.000        0.000        0.000
    25:        0.000        0.000        0.000        0.000        0.000
    30:        0.000        0.000        0.000        0.000        0.000
    35:        0.000        0.000        0.000        0.000        0.000
    40:        0.000        0.000        0.000        0.000        0.000
    45:        0.000        0.000        0.000        0.000        0.000
    50:        0.000        0.000        0.000        0.000        0.000
    55:        0.000        0.000        0.000        0.000        0.000
    60:        0.000        0.000        0.000        0.000        0.000
    65:        0.000        0.000        0.000        0.000        0.000
    70:        0.000        0.000        0.000        0.000        0.000
    75:        0.000        0.000        0.000        0.000        0.000
    80:        0.000        0.000        0.000        0.000        0.000
    85:        0.000        0.000        0.000        0.000        0.000
    90:        0.000        0.000        0.000        0.000        0.000
    95:        0.000        0.000        0.000        0.000        0.000
   100:        0.000        0.000        0.000        0.000        0.000
   105:        0.000        0.000        0.000        0.000        0.000
   110:        0.000        0.000        0.000        0.000        0.000
   115:        0.000        0.000        0.000        0.000        0.000
   120:        0.000        0.000        0.000        0.000        0.000
   125:        0.000        0.000        0.000        0.000        0.000
   130:        0.000        0.000        0.000        0.000        0.000
   135:        0.000        0.000        0.000        0.000        0.000
   140:        0.000        0.000        0.000        0.000        0.000
   145:        0.000        0.000        0.000        0.000        0.000
   150:        0.000        0.000        0.000        0.000        0.000
   155:        0.000        0.000        0.000        0.000        0.000
   160:        0.000        0.000        0.000        0.000        0.000
   165:        0.000        0.000        0.000        0.000        0.000
   170:        0.000        0.000        0.000        0.000        0.000
   175:        0.000        0.000        0.000        0.000        0.000
   180:        0.000        0.000        0.000        0.000        0.000
   185:        0.000        0.000        0.000        0.000        0.000
   190:        0.000        0.000        0.000        0.000        0.000
   195:        0.000        0.000        0.000        0.000        0.000
   200:        0.000        0.000        0.000        0.000        0.000
   205:        0.000        0.000        0.000        0.000        0.000
   210:        0.000        0.000        0.000        0.000        0.000
   215:        0.000        0.000        0.000        0.000        0.000
   220:        0.000        0.000        0.000        0.000        0.000
   225:        0.000        0.000        0.000        0.000        0.000
   230:        0.000        0.000        0.000        0.000        0.000
   235:        0.000        0.000        0.000        0.000        0.000
   240:        0.000        0.000        0.000        0.000        0.000
   245:        0.000        0.000        0.000        0.000        0.000
   250:        0.000        0.000        0.000        0.000        0.000
   255:        0.000        0.000        0.000        0.000        0.000
   260:        0.000        0.000        0.000        0.000        0.000
   265:        0.000        0.000        0.000        0.000        0.000
   270:        0.000        0.000        0.000        0.000        0.000
   275:        0.000        0.000        0.000        0.000        0.000
   280:        0.000        0.000        0.000        0.000        0.000
   285:        0.000        0.000        0.000        0.000        0.000
   290:        0.000        0.000        0.000        0.000        0.000
   295:        0.000        0.000        0.000        0.000        0.000
   300:        0.000        0.000        0.000        0.000        0.000
   305:        0.000        0.000        0.000        0.000        0.000
   310:        0.000        0.000        0.000        0.000        0.000
   315:        0.000        0.000        0.000        0.000        0.000
   320:        0.000        0.000        0.000        0.000        0.000
   325:        0.000        0.000        0.000        0.000        0.000
   330:        0.000        0.000        0.000        0.000        0.000
   335:        0.000        0.000        0.000        0.000        0.000
   340:        0.000        0.000        0.000        0.000        0.000
   345:        0.000        0.000        0.000        0.000        0.000
   350:        0.000        0.000        0.000        0.000        0.000
   355:        0.000        0.000        0.000        0.000        0.000
   360:        0.000        0.000        0.000        0.000        0.000
   365:        0.000        0.000        0.000        0.000        0.000
   370:        0.000        0.000        0.000        0.000        0.000
   375:        0.000        0.000        0.000        0.000        0.000
   380:        0.000        0.000        0.000        0.000        0.000
   385:        0.000        0.000        0.000        0.000        0.000
   390:        0.000        0.000        0.000        0.000        0.000
   395:        0.000        0.000        0.000        0.000        0.000
   400:        0.000        0.000        0.000        0.000        0.000
   405:        0.000        0.000        0.000        0.000        0.000
   410:        0.000        0.000        0.000        0.000        0.000
   415:        0.000        0.000        0.000        0.000        0.000
   420:        0.000        0.000        0.000        0.000        0.000
   425:        0.000        0.000        0.000        0.000        0.000
   430:        0.000        0.000        0.000        0.000        0.000
   435:        0.000        0.000        0.000        0.000        0.000
   440:        0.000        0.000        0.000        0.000        0.000
   445:        0.000        0.000        0.000        0.000        0.000
   450:        0.000        0.000        0.000        0.000        0.000
   455:        0.000        0.000        0.000        0.000        0.000
   460:        0.000        0.000        0.000        0.000        0.000
   465:        0.000        0.000        0.000        0.000        0.000
   470:        0.000        0.000        0.000        0.000        0.000
   475:        0.000        0.000        0.000        0.000        0.000
   480:        0.000        0.000        0.000        0.000        0.000
   485:        0.000        0.000        0.000        0.000        0.000
   490:        0.000        0.000        0.000        0.000        0.000
   495:        0.000        0.000        0.000        0.000        0.000
   500:        0.000        0.000        0.000        0.000        0.000
   505:        0.000        0.000        0.000        0.000        0.000
   510:        0.000        0.000        0.000        0.000        0.000
   515:        0.000        0.000        0.000        0.000        0.000
   520:        0.000        0.000        0.000        0.000        0.000
   525:        0.000        0.000        0.000        0.000        0.000
   530:        0.000        0.000        0.000        0.000        0.000
   535:        0.000        0.000        0.000        0.000        0.000
   540:        0.000        0.000        0.000        0.000        0.000
   545:        0.000        0.000        0.000        0.000        0.000
   550:        0.000        0.000        0.000        0.000        0.000
   555:        0.000        0.000        0.000        0.000        0.000
   560:        0.000        0.000        0.000        0.000        0.000
   565:        0.000        0.000        0.000        0.000        0.000
   570:        0.000        0.000        0.000        0.000        0.000
   575:        0.000        0.000        0.000        0.000        0.000
   580:        0.000        0.000        0.000        0.000        0.000
   585:        0.000        0.000        0.000        0.000        0.000
   590:        0.000        0.000        0.000        0.000        0.000
   595:        0.000        0.000        0.000        0.000        0.000
   600:        0.000        0.000        0.000        0.000        0.000
   605:        0.000        0.000        0.000        0.000        0.000
   610:        0.000        0.000        0.000        0.000        0.000
   615:        0.000        0.000        0.000        0.000        0.000
   620:        0.000        0.000        0.000        0.000        0.000
   625:        0.000        0.000        0.000        0.000        0.000
   630:        0.000        0.000        0.000        0.000        0.000
   635:        0.000        0.000        0.000        0.000        0.000
   640:        0.000        0.000        0.000        0.000        0.000
   645:        0.000        0.000        0.000        0.000        0.000
   650:        0.000        0.000        0.000        0.000        0.000
   655:        0.000        0.000        0.000        0.000        0.000
   660:        0.000        0.000        0.000        0.000        0.000
   665:        0.000        0.000        0.000        0.000        0.000
   670:        0.000        0.000        0.000        0.000        0.000
   675:        0.000        0.000        0.000        0.000        0.000
   680:        0.000        0.000        0.000        0.000        0.000
   685:        0.000        0.000        0.000        0.000        0.000
   690:        0.000        0.000        0.000        0.000        0.000
   695:        0.000        0.000        0.000        0.000        0.000
   700:        0.000        0.000        0.000        0.000        0.000
   705:        0.000        0.000        0.000        0.000        0.000
   710:        0.000        0.000        0.000        0.000        0.000
   715:        0.000        0.000        0.000        0.000        0.000
   720:        0.000        0.000        0.000        0.000        0.000
   725:        0.000        0.000        0.000        0.000        0.000
   730:        0.000        0.000        0.000        0.000        0.000
   735:        0.000        0.000        0.000        0.000        0.000
   740:        0.000        0.000        0.000        0.000        0.000
   745:        0.000        0.000        0.000        0.000        0.000
   750:        0.000        0.000        0.000        0.000        0.000
   755:        0.000        0.000        0.000        0.000        0.000
   760:        0.000        0.000        0.000        0.000        0.000
   765:        0.000        0.000        0.000        0.000        0.000
   770:        0.000        0.000        0.000        0.000        0.000
   775:        0.000        0.000        0.000        0.000        0.000
   780:        0.000        0.000        0.000        0.000        0.000
   785:        0.000        0.000        0.000        0.000        0.000
   790:        0.000        0.000        0.000        0.000        0.000
   795:        0.000        0.000        0.000        0.000        0.000
   800:        0.000        0.000        0.000        0.000        0.000
   805:        0.000        0.000        0.000        0.000        0.000
   810:        0.000        0.000        0.000        0.000        0.000
   815:        0.000        0.000        0.000        0.000        0.000
   820:        0.000        0.000        0.000        0.000        0.000
   825:        0.000        0.000        0.000        0.000        0.000
   830:        0.000        0.000        0.000        0.000        0.000
   835:        0.000        0.000        0.000        0.000        0.000
   840:        0.000        0.000        0.000        0.000        0.000
   845:        0.000        0.000        0.000        0.000        0.000
   850:        0.000        0.000        0.000        0.000        0.000
   855:        0.000        0.000        0.000        0.000        0.000
   860:        0.000        0.000        0.000        0.000        0.000
   865:        0.000        0.000        0.000        0.000        0.000
   870:        0.000        0.000        0.000        0.000        0.000
   875:        0.000        0.000        0.000        0.000        0.000
   880:        0.000        0.000        0.000        0.000        0.000
   885:        0.000        0.000        0.000        0.000        0.000
   890:        0.000        0.000        0.000        0.000        0.000
   895:        0.000        0.000        0.000        0.000        0.000
   900:        0.000        0.000        0.000        0.000        0.000
   905:        0.000        0.000        0.000        0.000        0.000
   910:        0.000        0.000        0.000        0.000        0.000
   915:        0.000        0.000        0.000        0.000        0.000
   920:        0.000        0.000        0.000        0.000        0.000
   925:        0.000        0.000        0.000        0.000        0.000
   930:        0.000        0.000        0.000        0.000        0.000
   935:        0.000        0.000        0.000        0.000        0.000
   940:        0.000        0.000        0.000        0.000        0.000
   945:        0.000        0.000        0.000        0.000        0.000
   950:        0.000        0.000        0.000        0.000        0.000
   955:        0.000        0.000        0.000        0.000        0.000
   960:        0.000        0.000        0.000        0.000        0.000
   965:        0.000        0.000        0.000        0.000        0.000
   970:        0.000        0.000        0.000        0.000        0.000
   975:        0.000        0.000        0.000        0.000        0.000
   980:        0.000        0.000        0.000        0.000        0.000
   985:        0.000        0.000        0.000        0.000        0.000
   990:        0.000        0.000        0.000        0.000        0.000
   995:        0.000        0.000        0.000        0.000        0.000
  1000:        0.000        0.000        0.000        0.000        0.000
  1005:        0.000        0.000        0.000        0.000        0.000
  1010:        0.000        0.000        0.000        0.000        0.000
  1015:        0.000        0.000        0.000        0.000        0.000
  1020:        0.000        0.000        0.000        0.000        0.000
  1025:        0.000        0.000        0.000        0.000        0.000
  1030:        0.000        0.000        0.000        0.000        0.000
  1035:        0.000        0.000        0.000        0.000        0.000
  1040:        0.000        0.000        0.000        0.000        0.000
  1045:        0.000        0.000        0.000        0.000        0.000
  1050:        0.000        0.000        0.000        0.000        0.000
  1055:        0.000        0.000        0.000        0.000        0.000
  1060:        0.000        0.000        0.000        0.000        0.000
  1065:        0.000        0.000        0.000        0.000        0.000
  1070:        0.000        0.000        0.000        0.000        0.000
  1075:        0.000        0.000        0.000        0.000        0.000
  1080:        0.000        0.000        0.000        0.000        0.000
  1085:        0.000        0.000        0.000        0.000        0.000
  1090:        0.000        0.000        0.000        0.000        0.000
  1095:        0.000        0.000        0.000        0.000        0.000
  1100:        0.000        0.000        0.000        0.000        0.000
  1105:        0.000        0.000        0.000        0.000        0.000
  1110:        0.000        0.000        0.000        0.000        0.000
  1115:        0.000        0.000        0.000        0.000        0.000
  1120:        0.000        0.000        0.000        0.000        0.000
  1125:        0.000        0.000        0.000        0.000        0.000
  1130:        0.000        0.000        0.000        0.000        0.000
  1135:        0.000        0.000        0.000        0.000        0.000
  1140:        0.000        0.000        0.000        0.000        0.000
  1145:        0.000        0.000        0.000        0.000        0.000
  1150:        0.000        0.000        0.000        0.000        0.000
  1155:        0.000        0.000        0.000        0.000        0.000
  1160:        0.000        0.000        0.000        0.000        0.000
  1165:        0.000        0.000        0.000        0.000        0.000
  1170:        0.000        0.000        0.000        0.000        0.000
  1175:        0.000        0.000        0.000        0.000        0.000
  1180:        0.000        0.000        0.000        0.000        0.000
  1185:        0.000        0.000        0.000        0.000        0.000
  1190:        0.000        0.000        0.000        0.000        0.000
  1195:        0.000        0.000        0.000        0.000        0.000
  1200:        0.000        0.000        0.000        0.000        0.000
  1205:        0.000        0.000        0.000        0.000        0.000
  1210:        0.000        0.000        0.000        0.000        0.000
  1215:        0.000        0.000        0.000        0.000        0.000
  1220:        0.000        0.000        0.000        0.000        0.000
  1225:        0.000        0.000        0.000        0.000        0.000
  1230:        0.000        0.000        0.000        0.000        0.000
  1235:        0.000        0.000        0.000        0.000        0.000
  1240:        0.000        0.000        0.000        0.000        0.000
  1245:        0.000        0.000        0.000        0.000        0.000
  1250:        0.000        0.000        0.000        0.000        0.000
  1255:        0.000        0.000        0.000        0.000        0.000
  1260:        0.000        0.000        0.000        0.000        0.000
  1265:        0.000        0.000        0.000        0.000        0.000
  1270:        0.000        0.000        0.000        0.000        0.000
  1275:        0.000        0.000        0.000        0.000        0.000
  1280:        0.000        0.000        0.000        0.000        0.000
  1285:        0.000        0.000        0.000        0.000        0.000
  1290:        0.000        0.000        0.000        0.000        0.000
  1295:        0.000        0.000        0.000        0.000        0.000
  1300:        0.000        0.000        0.000        0.000        0.000
  1305:        0.000        0.000        0.000        0.000        0.000
  1310:        0.000        0.000        0.000        0.000        0.000
  1315:        0.000        0.000        0.000        0.000        0.000
  1320:        0.000        0.000        0.000        0.000        0.000
  1325:        0.000        0.000        0.000        0.000        0.000
  1330:        0.000        0.000        0.000        0.000        0.000
  1335:        0.000        0.000        0.000        0.000        0.000
  1340:        0.000        0.000        0.000        0.000        0.000
  1345:        0.000        0.000        0.000        0.000        0.000
  1350:        0.000        0.000        0.000        0.000        0.000
  1355:        0.000        0.000        0.000        0.000        0.000
  1360:        0.000        0.000        0.000        0.000        0.000
  1365:        0.000        0.000        0.000        0.000        0.000
  1370:        0.000        0.000        0.000        0.000        0.000
  1375:        0.000        0.000        0.000        0.000        0.000
  1380:        0.000        0.000        0.000        0.000        0.000
  1385:        0.000        0.000        0.000        0.000        0.000
  1390:        0.000        0.000        0.000        0.000        0.000
  1395:        0.000        0.000        0.000        0.000        0.000
  1400:        0.000        0.000        0.000        0.000        0.000
  1405:        0.000        0.000        0.000        0.000        0.000
  1410:        0.000        0.000        0.000        0.000        0.000
  1415:        0.000        0.000        0.000        0.000        0.000
  1420:        0.000        0.000        0.000        0.000        0.000
  1425:        0.000        0.000        0.000        0.000        0.000
  1430:        0.000        0.000        0.000        0.000        0.000
  1435:        0.000        0.000        0.000        0.000        0.000
  1440:        0.000        0.000        0.000        0.000        0.000
  1445:        0.000        0.000        0.000        0.000        0.000
  1450:        0.000        0.000        0.000        0.000        0.000
  1455:        0.000        0.000        0.000        0.000        0.000
  1460:        0.000        0.000        0.000        0.000        0.000
  1465:        0.000        0.000        0.000        0.000        0.000
  1470:        0.000        0.000        0.000        0.000        0.000
  1475:        0.000        0.000        0.000        0.000        0.000
  1480:        0.000        0.000        0.000        0.000        0.000
  1485:        0.000        0.000        0.000        0.000        0.000
  1490:        0.000        0.000        0.000        0.000        0.000
  1495:        0.000        0.000        0.000        0.000        0.000
  1500:        0.000        0.000        0.000        0.000        0.000
  1505:        0.000        0.000        0.000        0.000        0.000
  1510:        0.000        0.000        0.000        0.000        0.000
  1515:        0.000        0.000        0.000        0.000        0.000
  1520:        0.000        0.000        0.000        0.000        0.000
  1525:        0.000        0.000        0.000        0.000        0.000
  1530:        0.000        0.000        0.000        0.000        0.000
  1535:        0.000        0.000        0.000        0.000        0.000
  1540:        0.000        0.000        0.000        0.000        0.000
  1545:        0.000        0.000        0.000        0.000        0.000
  1550:        0.000        0.000        0.000        0.000        0.000
  1555:        0.000        0.000        0.000        0.000        0.000
  1560:        0.000        0.000        0.000        0.000        0.000
  1565:        0.000        0.000        0.000        0.000        0.000
  1570:        0.000        0.000        0.000        0.000        0.000
  1575:        0.000        0.000        0.000        0.000        0.000
  1580:        0.000        0.000        0.000        0.000        0.000
  1585:        0.000        0.000        0.000        0.000        0.000
  1590:        0.000        0.000        0.000        0.000        0.000
  1595:        0.000        0.000        0.000        0.000        0.000
  1600:        0.000        0.000        0.000        0.000        0.000
  1605:        0.000        0.000        0.000        0.000        0.000
  1610:        0.000        0.000        0.000        0.000        0.000
  1615:        0.000        0.000        0.000        0.000        0.000
  1620:        0.000        0.000        0.000        0.000        0.000
  1625:        0.000        0.000        0.000        0.000        0.000
  1630:        0.000        0.000        0.000        0.000        0.000
  1635:        0.000        0.000        0.000        0.000        0.000
  1640:        0.000        0.000        0.000        0.000        0.000
  1645:        0.000        0.000        0.000        0.000        0.000
  1650:        0.000        0.000        0.000        0.000        0.000
  1655:        0.000        0.000        0.000        0.000        0.000
  1660:        0.000        0.000        0.000        0.000        0.000
  1665:        0.000        0.000        0.000        0.000        0.000
  1670:        0.000        0.000        0.000        0.000        0.000
  1675:        0.000        0.000        0.000        0.000        0.000
  1680:        0.000        0.000        0.000        0.000        0.000
  1685:        0.000        0.000        0.000        0.000        0.000
  1690:        0.000        0.000        0.000        0.000        0.000
  1695:        0.000        0.000        0.000        0.000        0.000
  1700:        0.000        0.000        0.000        0.000        0.000
  1705:        0.000        0.000        0.000        0.000        0.000
  1710:        0.000        0.000        0.000        0.000        0.000
  1715:        0.000        0.000        0.000        0.000        0.000
  1720:        0.000        0.000        0.000        0.000        0.000
  1725:        0.000        0.000        0.000        0.000        0.000
  1730:        0.000        0.000        0.000        0.000        0.000
  1735:        0.000        0.000        0.000        0.000        0.000
  1740:        0.000        0.000        0.000        0.000        0.000
  1745:        0.000        0.000        0.000        0.000        0.000
  1750:        0.000        0.000        0.000        0.000        0.000
  1755:        0.000        0.000        0.000        0.000        0.000
  1760:        0.000        0.000        0.000        0.000        0.000
  1765:        0.000        0.000        0.000        0.000        0.000
  1770:        0.000        0.000        0.000        0.000        0.000
  1775:        0.000        0.000        0.000        0.000        0.000
  1780:        0.000        0.000        0.000        0.000        0.000
  1785:        0.000        0.000        0.000        0.000        0.000
  1790:        0.000        0.000        0.000        0.000        0.000
  1795:        0.000        0.000        0.000        0.000        0.000
  1800:        0.000        0.000        0.000        0.000        0.000
  1805:        0.000        0.000        0.000        0.000        0.000
  1810:        0.000        0.000        0.000        0.000        0.000
  1815:        0.000        0.000        0.000        0.000        0.000
  1820:        0.000        0.000        0.000        0.000        0.000
  1825:        0.000        0.000        0.000        0.000        0.000
  1830:        0.000        0.000        0.000        0.000        0.000
  1835:        0.000        0.000        0.000        0.000        0.000
  1840:        0.000        0.000        0.000        0.000        0.000
  1845:        0.000        0.000        0.000        0.000        0.000
  1850:        0.000        0.000        0.000        0.000        0.000
  1855:        0.000        0.000        0.000        0.000        0.000
  1860:        0.000        0.000        0.000        0.000        0.000
  1865:        0.000        0.000        0.000        0.000        0.000
  1870:        0.000        0.000        0.000        0.000        0.000
  1875:        0.000        0.000        0.000        0.000        0.000
  1880:        0.000        0.000        0.000        0.000        0.000
  1885:        0.000        0.000        0.000        0.000        0.000
  1890:        0.000        0.000        0.000        0.000        0.000
  1895:        0.000        0.000        0.000        0.000        0.000
  1900:        0.000        0.000        0.000        0.000        0.000
  1905:        0.000        0.000        0.000        0.000        0.000
  1910:        0.000        0.000        0.000        0.000        0.000
  1915:        0.000        0.000        0.000        0.000        0.000
  1920:        0.000        0.000        0.000        0.000        0.000
  1925:        0.000        0.000        0.000        0.000        0.000
  1930:        0.000        0.000        0.000        0.000        0.000
  1935:        0.000        0.000        0.000        0.000        0.000
  1940:        0.000        0.000        0.000        0.000        0.000
  1945:        0.000        0.000        0.000        0.000        0.000
  1950:        0.000        0.000        0.000        0.000        0.000
  1955:        0.000        0.000        0.000        0.000        0.000
  1960:        0.000        0.000        0.000        0.000        0.000
  1965:        0.000        0.000        0.000        0.000        0.000
  1970:        0.000        0.000        0.000        0.000        0.000
  1975:        0.000        0.000        0.000        0.000        0.000
  1980:        0.000        0.000        0.000        0.000        0.000
  1985:        0.000        0.000        0.000        0.000        0.000
  1990:        0.000        0.000        0.000        0.000        0.000
  1995:        0.000        0.000        0.000        0.000        0.000
  2000:        0.000
V:
     0:        1.320       15.810       32.620       47.370       54.070
     5:       75.730       82.220       88.860       96.370      102.860
    10:      110.260      123.630      130.370      138.280      144.880
    15:      151.410      162.760      169.810      176.250      182.700
    20:      190.690      264.360      270.850      280.270      286.640
    25:      293.350      300.450      307.440      335.240      341.750
    30:      369.420      400.740      409.760      419.500      431.850
    35:      463.930      488.840      496.130      505.360      512.700
    40:      519.530      526.050      566.470      595.220      619.720
    45:      649.810      656.960      679.660      695.890      702.390
    50:      720.080      731.940      752.940      762.190      800.800
    55:      807.410      859.530      868.340      882.460      888.930
    60:      895.380      928.630      935.980      943.360      975.210
    65:      983.000     1015.020     1032.640     1039.240     1047.150
    70:     1056.740     1067.670     1082.410     1144.750     1160.020
    75:     1166.350     1206.010     1212.570     1219.070     1228.100
    80:     1260.740     1280.150     1295.120     1302.680     1329.810
    85:     1351.870     1358.430     1369.390
