File: C:\MED-PC\Data\2025-02-03_13h29m_Subject 3.1.txt


Start Date: 02/03/25
End Date: 02/03/25
Subject: 3.1
Experiment: 5HT
Group: 
Box: 3
Start Time: 13:29:17
End Time: 13:39:16
MSN: 25_IC_FR1_BothActive_Retract_Omit_60min_80reward
D:      80.000
F:      60.000
G:      20.000
H:       0.000
J:       0.000
K:      60.000
L:      80.000
M:       0.000
N:   59225.000
O:       0.000
R:       0.000
T:       0.000
U:       2.000
W:       1.000
X:      20.000
Y:       0.000
Z:       0.000
A:
     0:        0.000       83.000        2.000        0.000      400.000
     5:      200.000
B:
     0:        0.000        2.000        1.000
C:
     0:        4.000        5.000        6.000
E:
     0:        3.740       32.260       44.600       51.490       56.230
     5:       61.860       69.870       76.280       81.620       88.870
    10:      105.160      118.560      126.750      131.440      137.090
    15:      140.590      147.440      153.550      162.290      167.020
    20:      171.870      177.840      185.380      193.260      200.460
    25:      204.840      211.140      218.930      227.250      233.250
    30:      241.570      248.830      262.320      267.370      272.790
    35:      280.340      287.220      292.320      296.860      303.230
    40:      307.900      314.430      319.130      324.410      331.370
    45:      339.040      345.950      354.120      359.900      366.280
    50:      375.000      382.110      393.650      424.610      431.340
    55:      440.120      446.530      453.260      459.450      466.050
    60:      471.640      482.310      487.920      494.810      501.880
    65:      507.660      511.960      516.920      525.600      530.550
    70:      544.190      549.920      554.500      562.810      567.280
    75:      571.840      576.200      580.940      584.340      589.900
I:
     0:        0.000        7.040       23.160       36.640       49.050
     5:       54.900       59.730       67.290       74.260       79.630
    10:       86.930       90.210      102.220      108.120      121.110
    15:      128.950      134.680      138.400      145.840      151.820
    20:      158.870      165.220      170.270      176.250      182.160
    25:      190.250      196.460      203.650      209.110      216.460
    30:      224.210      231.550      238.590      246.950      254.090
    35:      265.650      271.340      277.110      285.690      290.530
    40:      295.500      302.250      306.760      313.280      317.820
    45:      322.550      329.570      336.670      342.270      350.310
    50:      358.370      364.970      371.740      378.630      387.510
    55:      397.700      413.820      428.860      435.720      444.570
    60:      450.980      457.680      464.780      470.470      477.050
    65:      486.670      493.330      500.180      506.010      510.640
    70:      515.300      522.240      528.930      534.780      548.580
    75:      553.320      555.930      566.140      570.740      575.200
    80:      579.700      582.390      588.720
P:
     0:       17.150      407.810
Q:
     0:      104.100      117.090      124.930      130.660      136.380
     5:      139.830      146.810      204.100      218.200      261.640
    10:      302.750      338.260      423.850      481.660      487.320
    15:      562.120      566.720      571.180      575.680      580.370
S:
     0:      100.220
V:
     0:        3.030       31.630       44.040       50.890       55.720
     5:       61.280       69.250       75.620       80.920       88.200
    10:      152.860      161.210      166.260      171.240      177.150
    15:      184.240      192.450      199.640      210.450      226.540
    20:      232.580      240.940      248.080      266.330      272.100
    25:      279.680      286.520      291.490      296.240      307.270
    30:      313.810      318.540      323.560      330.660      345.300
    35:      353.360      358.960      365.730      373.620      381.500
    40:      392.690      430.710      439.560      445.970      452.670
    45:      458.770      465.460      471.040      494.170      501.000
    50:      506.630      511.290      516.230      524.920      529.770
    55:      543.570      549.310      553.920      583.710      589.230
