File: C:\MED-PC\Data\2025-01-23_08h43m_Subject 908.txt


Start Date: 01/23/25
End Date: 01/23/25
Subject: 908
Experiment: 
Group: 
Box: 5
Start Time: 08:43:42
End Time: 09:04:01
MSN: 25_IC_FR1_BothActive_Retract_Omit_60min_80reward
D:      80.000
F:      45.000
G:      35.000
H:       0.000
J:       0.000
K:      45.000
L:      78.000
M:       0.000
N:   78488.000
O:       0.000
R:       0.000
T:       0.000
U:       1.000
W:       1.000
X:      35.000
Y:       0.000
Z:       0.000
A:
     0:        0.000      102.000        1.000        0.000      600.000
     5:      400.000
B:
     0:        0.000       22.000        2.000
C:
     0:        4.000        5.000        6.000
E:
     0:        5.180       13.750       19.430       25.980       29.750
     5:       53.350       60.070       66.540       93.260      104.240
    10:      109.030      130.810      141.410      150.990      157.730
    15:      189.940      196.500      202.980      209.800      215.810
    20:      222.080      227.860      233.310      239.250      246.270
    25:      250.540      259.750      263.790      269.840      274.400
    30:      281.030      288.310      303.200      309.220      314.240
    35:      320.160      328.720      333.240      339.560      346.710
    40:      351.710      356.180      361.510      390.560      396.370
    45:      415.800      421.590      430.230      434.460      442.480
    50:      450.340      459.330      465.610      472.880      480.210
    55:      508.140      514.840      518.940      528.190      532.630
    60:      537.120      544.590      550.300      575.900      580.830
    65:      585.490      602.640      609.930      630.190      639.050
    70:      647.740      657.760      676.170      685.060      691.170
    75:      755.540      760.920      777.250
I:
     0:        0.000       10.100       17.450       23.110       27.810
     5:       33.610       41.730       49.850       58.240       64.020
    10:       70.310       78.430       90.550       96.130      100.870
    15:      106.820      111.850      123.970      135.440      146.110
    20:      155.950      162.900      195.040      201.570      208.200
    25:      212.900      219.780      226.180      231.820      237.540
    30:      243.250      249.080      254.630      262.480      267.890
    35:      272.810      279.610      285.140      293.520      301.640
    40:      307.290      312.200      317.210      325.270      331.750
    45:      337.250      344.480      349.860      354.460      359.420
    50:      366.670      378.790      388.910      393.610      400.510
    55:      412.630      420.110      426.030      432.720      439.630
    60:      447.150      455.260      464.140      468.790      475.770
    65:      484.630      492.750      504.870      512.350      517.620
    70:      524.180      531.150      535.810      542.420      548.800
    75:      554.490      564.610      572.730      579.270      584.000
    80:      588.600      600.720      607.860      614.910      625.030
    85:      635.180      641.910      651.430      658.650      670.770
    90:      680.230      689.320      696.360      706.480      714.600
    95:      726.720      738.840      750.960      758.540      764.150
   100:      774.270      781.530
P:
     0:       37.720       45.840       74.420       84.540      117.960
     5:      297.630      372.780      383.900      406.620      488.740
    10:      498.860      559.600      568.720      594.710      620.020
    15:      664.760      701.470      710.590      720.710      732.830
    20:      744.950      769.260
Q:
     0:       12.440       23.800      149.930      156.880      189.020
     5:      195.550      202.180      221.170      232.530      258.470
    10:      268.800      287.510      308.190      345.850      355.410
    15:      414.100      421.020      428.710      433.620      441.140
    20:      458.130      464.780      471.760      478.620      513.610
    25:      527.140      536.410      608.900      629.170      645.420
    30:      652.640      684.310      690.350      754.530      776.520
S:
     0:      168.910      180.920
V:
     0:        4.090       18.100       28.600       52.230       59.010
     5:       65.300       92.120       96.860      102.810      107.840
    10:      129.430      140.100      208.890      214.770      226.810
    15:      238.240      245.070      249.620      262.880      273.600
    20:      280.130      302.280      313.200      319.260      327.740
    25:      332.240      338.470      350.450      360.660      389.600
    30:      395.500      449.250      507.340      518.170      531.800
    35:      543.790      549.480      575.260      579.990      584.590
    40:      601.850      637.900      675.220      760.140      784.860
