File: C:\MED-PC\Data\2025-02-14_12h36m_Subject 5.4.txt


Start Date: 02/14/25
End Date: 02/14/25
Subject: 5.4
Experiment: 5HT
Group: 
Box: 8
Start Time: 12:36:30
End Time: 13:16:14
MSN: 25_IC_FR1_BothActive_Retract_Omit_60min_140reward
D:     140.000
F:      51.000
G:      89.000
H:       3.000
J:       0.000
K:      51.000
L:     138.000
M:       0.000
N:  237872.000
O:       0.000
R:       0.000
T:       0.000
U:       0.000
W:       1.000
X:      89.000
Y:       0.000
Z:       0.000
A:
     0:        0.000      221.000        1.000        6.000      600.000
     5:      400.000
B:
     0:        0.000       48.000       33.000
C:
     0:        6.000
E:
     0:        4.140       14.590       21.140       28.400       38.310
     5:       45.230       52.240       66.900       74.040       80.950
    10:       87.460       96.560      104.460      111.520      117.730
    15:      122.090      128.430      135.070      141.500      148.050
    20:      154.630      161.070      167.640      174.110      180.910
    25:      191.750      202.710      212.600      223.510      236.090
    30:      240.530      247.090      253.630      260.520      266.540
    35:      273.130      279.460      286.140      292.670      299.290
    40:      308.270      317.270      338.210      349.000      358.720
    45:      362.410      369.250      375.840      382.580      389.090
    50:      395.820      402.650      409.140      415.530      422.300
    55:      428.630      435.160      445.160      454.440      462.570
    60:      482.960      493.110      497.140      503.690      510.140
    65:      516.850      523.210      529.950      536.190      543.710
    70:      550.220      556.850      568.430      576.420      596.980
    75:      603.370      613.540      617.330      624.130      630.550
    80:      637.140      643.670      650.400      656.920      663.520
    85:      670.060      676.730      683.180      689.850      699.620
    90:      712.210      727.210      733.850      740.480      744.130
    95:      750.850      757.240      763.740      770.250      776.950
   100:      783.320      789.720      796.390      802.970      810.640
   105:      833.920      840.430      846.990      853.490      860.570
   110:      867.210      880.080      907.670      914.070      921.180
   115:      933.160      947.190      977.740     1026.520     1126.410
   120:     1246.840     1259.990     1326.680     1356.150     1505.400
   125:     1567.690     1661.500     1723.120     1782.120     1846.220
   130:     1955.170     2100.060     2220.870     2264.120     2335.750
   135:     2342.150     2350.610     2365.390
I:
     0:        0.000        9.210       20.050       26.720       33.980
     5:       43.810       50.730       57.610       72.500       79.560
    10:       84.530       92.930      101.800      109.900      116.910
    15:      119.270      127.480      133.930      140.500      146.980
    20:      153.440      160.050      166.510      173.030      179.520
    25:      184.260      197.250      208.240      218.150      229.020
    30:      237.620      245.880      252.450      258.890      265.420
    35:      271.850      278.360      284.830      291.520      297.970
    40:      302.440      313.780      322.740      336.750      343.760
    45:      354.510      360.270      367.850      374.730      381.270
    50:      387.930      394.510      401.220      408.030      414.510
    55:      420.940      427.580      434.050      438.510      450.720
    60:      459.930      467.970      481.980      488.520      494.630
    65:      502.460      509.060      515.560      522.150      528.670
    70:      535.170      541.590      549.070      555.650      560.200
    75:      574.000      581.930      595.940      602.410      608.850
    80:      615.020      622.900      629.560      636.000      642.600
    85:      649.100      655.720      662.300      668.850      675.500
    90:      682.090      688.640      693.180      705.120      717.700
    95:      732.730      739.320      741.920      749.570      755.900
   100:      762.600      769.080      775.580      782.140      788.660
   105:      795.100      801.700      808.290      815.890      832.010
   110:      839.360      845.880      852.390      858.890      865.940
   115:      872.570      885.060      901.180      913.010      919.520
   120:      926.070      938.600      951.720      967.840      982.070
   125:      998.190     1006.130     1022.250     1038.370     1054.490
   130:     1070.610     1086.730     1102.850     1113.990     1130.110
   135:     1146.230     1162.350     1178.470     1194.590     1210.710
   140:     1226.830     1242.950     1252.230     1265.140     1281.260
   145:     1297.380     1313.500     1321.260     1337.380     1349.850
   150:     1365.970     1382.090     1398.210     1414.330     1430.450
   155:     1446.570     1462.690     1478.810     1494.930     1509.530
   160:     1525.650     1541.770     1557.890     1568.700     1584.820
   165:     1600.940     1617.060     1633.180     1649.300     1659.030
   170:     1666.520     1682.640     1695.430     1711.550     1727.670
   175:     1743.790     1759.910     1776.030     1787.340     1803.460
   180:     1819.580     1835.700     1848.910     1862.920     1876.930
   185:     1890.940     1904.950     1918.960     1932.970     1946.980
   190:     1960.430     1974.440     1988.450     2002.460     2016.470
   195:     2030.480     2044.490     2058.500     2072.510     2084.740
   200:     2098.750     2112.760     2126.770     2140.780     2154.790
   205:     2168.800     2182.810     2196.820     2210.830     2225.900
   210:     2239.910     2253.920     2268.980     2282.990     2297.000
   215:     2311.010     2325.020     2336.850     2345.390     2355.710
   220:     2370.420
P:
     0:      826.000      895.170      961.830      992.180     1016.240
     5:     1032.360     1048.480     1064.600     1080.720     1096.840
    10:     1124.100     1140.220     1156.340     1172.460     1188.580
    15:     1204.700     1220.820     1236.940     1275.250     1291.370
    20:     1307.490     1331.370     1359.960     1376.080     1392.200
    25:     1408.320     1424.440     1440.560     1456.680     1472.800
    30:     1488.920     1519.640     1535.760     1551.880     1578.810
    35:     1594.930     1611.050     1627.170     1643.290     1676.630
    40:     1705.540     1721.660     1737.780     1753.900     1770.020
    45:     1797.450     1813.570     1829.690
Q:
     0:       86.910       95.780      103.880      110.890      117.250
     5:      121.470      127.920      134.490      140.970      147.430
    10:      154.040      160.500      167.020      173.510      180.250
    15:      239.870      246.440      252.880      259.410      265.840
    20:      272.350      278.820      285.510      291.960      298.430
    25:      375.260      381.920      388.500      395.210      402.020
    30:      408.500      414.930      421.570      428.040      434.500
    35:      496.450      503.050      509.550      516.140      522.660
    40:      529.160      535.580      543.060      549.640      556.190
    45:      629.990      636.590      643.090      649.710      656.290
    50:      662.840      669.490      676.080      682.630      689.170
    55:      756.590      763.070      769.570      776.130      782.650
    60:      789.090      795.690      802.280      809.880      839.870
    65:      846.380      852.880      859.930      866.560      879.050
    70:      907.000      913.510      920.060      976.060     1000.120
    75:     1107.980     1259.130     1315.250     1343.840     1503.520
    80:     1562.690     1653.020     1660.510     1689.420     1781.330
    85:     1844.900     2349.700     2364.410     2375.700
S:
     0:      332.750      477.980      591.940     1858.920     1872.930
     5:     1886.940     1900.950     1914.960     1928.970     1942.980
    10:     1970.440     1984.450     1998.460     2012.470     2026.480
    15:     2040.490     2054.500     2068.510     2094.750     2108.760
    20:     2122.770     2136.780     2150.790     2164.800     2178.810
    25:     2192.820     2206.830     2235.910     2249.920     2278.990
    30:     2293.000     2307.010     2321.020
V:
     0:        3.200       14.040       20.710       27.970       37.800
     5:       44.720       51.600       66.490       73.550       80.520
    10:      191.230      202.220      212.130      223.000      235.600
    15:      307.760      316.720      337.740      348.490      358.250
    20:      361.840      368.720      444.700      453.910      461.950
    25:      482.500      492.610      567.980      575.910      596.390
    30:      602.830      613.000      616.890      623.550      699.100
    35:      711.680      726.710      733.300      739.900      743.560
    40:      749.890      833.350      932.590      945.710     1246.220
    45:     1954.410     2078.720     2219.880     2262.960     2334.830
    50:     2339.380
