File: C:\MED-PC\Data\2025-02-04_12h43m_Subject 4.2.txt


Start Date: 02/04/25
End Date: 02/04/25
Subject: 4.2
Experiment: 5HT
Group: 
Box: 8
Start Time: 12:43:46
End Time: 13:26:43
MSN: 25_IC_FR1_BothActive_Retract_Omit_60min_80reward
D:      80.000
F:      49.000
G:      31.000
H:       0.000
J:       0.000
K:      49.000
L:      76.000
M:       0.000
N:  257077.000
O:       0.000
R:       0.000
T:       0.000
U:       4.000
W:       1.000
X:      31.000
Y:       0.000
Z:       0.000
A:
     0:        0.000      213.000        4.000        0.000      400.000
     5:      200.000
B:
     0:        0.000       31.000      102.000
C:
     0:        4.000        5.000        6.000
E:
     0:       25.350       37.640       44.050       68.610       91.200
     5:      112.360      135.390      150.940      200.680      215.040
    10:      235.230      260.800      527.290      783.080      845.490
    15:     1011.820     1090.760     1114.040     1136.700     1149.860
    20:     1160.650     1185.970     1197.380     1203.220     1211.490
    25:     1217.440     1232.460     1334.730     1439.210     1497.990
    30:     1547.200     1573.410     1581.420     1590.710     1600.850
    35:     1606.400     1616.010     1623.840     1630.220     1639.840
    40:     1647.560     1655.370     1757.650     1782.080     1805.060
    45:     1840.390     1887.030     1924.860     1931.620     1938.600
    50:     1949.330     1955.050     1963.840     1971.990     1977.350
    55:     1985.490     1991.570     2013.680     2027.630     2092.040
    60:     2111.570     2161.170     2168.380     2180.000     2215.470
    65:     2228.610     2237.990     2275.790     2299.050     2327.330
    70:     2394.620     2402.920     2427.760     2466.250     2554.540
    75:     2568.450
I:
     0:        0.000       15.120       28.020       38.610       48.130
     5:       62.250       72.480       86.600       94.340      108.460
    10:      114.920      130.040      140.460      152.960      167.080
    15:      183.200      197.320      203.700      218.980      233.100
    20:      237.930      252.050      264.220      278.230      292.240
    25:      306.250      320.260      334.270      348.280      362.290
    30:      376.300      390.310      404.320      418.330      432.340
    35:      446.350      460.360      474.370      488.380      502.390
    40:      516.400      531.500      545.510      559.520      573.530
    45:      587.540      601.550      615.560      629.570      643.580
    50:      657.590      671.600      685.610      699.620      713.630
    55:      727.640      741.650      755.660      769.670      783.270
    60:      797.280      811.290      825.300      839.310      850.020
    65:      864.030      878.040      892.050      906.060      920.070
    70:      934.080      948.090      962.100      976.110      990.120
    75:     1004.130     1015.940     1029.950     1043.960     1057.970
    80:     1071.980     1085.990     1091.540     1106.660     1119.040
    85:     1133.160     1140.010     1152.850     1164.870     1180.990
    90:     1191.240     1200.620     1208.420     1215.630     1221.570
    95:     1234.210     1247.220     1260.230     1273.240     1286.250
   100:     1299.260     1312.270     1325.280     1338.080     1351.090
   105:     1364.100     1377.110     1390.120     1403.130     1416.140
   110:     1429.150     1442.980     1455.990     1469.000     1482.010
   115:     1495.020     1501.510     1514.520     1527.530     1540.540
   120:     1550.500     1563.510     1574.110     1586.480     1595.860
   125:     1604.830     1611.460     1620.160     1626.980     1635.160
   130:     1643.840     1651.710     1656.590     1668.600     1680.610
   135:     1692.620     1704.630     1716.640     1728.650     1740.660
   140:     1752.670     1760.430     1772.440     1785.050     1797.060
   145:     1807.790     1819.800     1831.810     1843.450     1855.460
   150:     1867.470     1879.480     1888.210     1902.330     1916.450
   155:     1928.280     1935.890     1943.880     1952.690     1959.230
   160:     1968.130     1975.150     1982.700     1988.210     1992.140
   165:     2004.150     2015.140     2024.700     2036.710     2048.720
   170:     2060.730     2072.740     2084.750     2094.510     2100.040
   175:     2112.050     2124.060     2136.070     2148.080     2159.690
   180:     2165.570     2173.290     2184.050     2199.170     2213.290
   185:     2220.510     2233.580     2242.580     2257.700     2271.820
   190:     2279.810     2294.930     2303.260     2318.380     2331.420
   195:     2347.540     2362.660     2376.780     2392.900     2399.470
   200:     2406.680     2418.810     2429.580     2437.330     2443.770
   205:     2457.890     2470.140     2486.260     2500.380     2516.500
   210:     2532.620     2546.740     2559.880
P:
     0:       10.110       58.240       82.590      104.450      125.030
     5:      163.070      177.190      193.310      229.090      248.040
    10:     1101.650     1129.150     1174.980     1898.320     1912.440
    15:     2194.160     2209.280     2252.690     2267.810     2289.920
    20:     2313.370     2341.530     2357.650     2372.770     2386.890
    25:     2453.880     2480.250     2496.370     2510.490     2526.610
    30:     2542.730
Q:
     0:       23.010       34.600      525.480      777.250      844.000
     5:     1009.920     1089.520     1333.060     1437.960     1496.490
    10:     1545.480     1572.090     1756.410     1781.030     1803.770
    15:     1839.430     1886.190     2011.120     2020.680     2090.490
    20:     2096.020     2157.670     2160.560     2167.280     2227.570
    25:     2236.570     2326.410     2401.670     2412.800     2423.570
    30:     2431.320
S:
     0:      274.230      288.240      302.250      316.260      330.270
     5:      344.280      358.290      372.300      386.310      400.320
    10:      414.330      428.340      442.350      456.360      470.370
    15:      484.380      498.390      512.400      541.510      555.520
    20:      569.530      583.540      597.550      611.560      625.570
    25:      639.580      653.590      667.600      681.610      695.620
    30:      709.630      723.640      737.650      751.660      765.670
    35:      793.280      807.290      821.300      835.310      860.030
    40:      874.040      888.050      902.060      916.070      930.080
    45:      944.090      958.100      972.110      986.120     1000.130
    50:     1025.950     1039.960     1053.970     1067.980     1081.990
    55:     1244.220     1257.230     1270.240     1283.250     1296.260
    60:     1309.270     1322.280     1348.090     1361.100     1374.110
    65:     1387.120     1400.130     1413.140     1426.150     1452.990
    70:     1466.000     1479.010     1492.020     1511.520     1524.530
    75:     1537.540     1560.510     1666.600     1678.610     1690.620
    80:     1702.630     1714.640     1726.650     1738.660     1750.670
    85:     1770.440     1795.060     1817.800     1829.810     1853.460
    90:     1865.470     1877.480     2002.150     2034.710     2046.720
    95:     2058.730     2070.740     2082.750     2110.050     2122.060
   100:     2134.070     2146.080
V:
     0:       42.120       67.470       89.330      110.910      134.450
     5:      148.950      198.690      212.970      233.920      260.210
    10:     1113.030     1136.000     1148.840     1159.860     1185.230
    15:     1196.610     1202.410     1210.620     1216.560     1231.200
    20:     1580.470     1589.850     1599.820     1605.450     1615.150
    25:     1622.970     1629.150     1638.830     1646.700     1654.580
    30:     1924.270     1930.880     1937.870     1948.680     1954.220
    35:     1963.120     1971.140     1976.690     1984.200     1990.130
    40:     2179.040     2214.500     2274.800     2297.250     2393.460
    45:     2439.760     2465.130     2553.870     2567.750
