File: C:\MED-PC\Data\2025-01-24_12h34m_Subject 4.2.txt


Start Date: 01/24/25
End Date: 01/24/25
Subject: 4.2
Experiment: 5HT
Group: 
Box: 8
Start Time: 12:34:35
End Time: 13:34:41
MSN: LD_FR1_LeftLever_30min_40reward_RightLever_30min_40reward
A:      48.000
B:       0.000
C:       0.000
D:      47.000
F:       0.000
G:       0.000
H:       0.000
J:       0.000
K:      40.000
L:      35.000
M:       0.000
N:  360001.000
O:       0.000
P:       0.000
R:       0.000
S:       0.000
T:       0.000
U:       0.000
W:       0.000
X:       7.000
Y:       0.000
Z:       0.000
E:
     0:       30.280       73.960      177.700      215.100      488.620
     5:      507.910      925.740     1109.190     1297.530     1321.600
    10:     1452.740     1476.160     1512.910     1669.810     1709.480
    15:     1993.370     2040.620     2091.200     2168.780     2202.430
    20:     2272.240     2302.720     2461.870     2573.040     2614.280
    25:     2686.210     2705.600     2784.080     2957.320     2980.050
    30:     3014.590     3108.390     3177.370     3301.980     3356.110
I:
     0:        0.000        0.100       24.290       52.110      176.840
     5:      215.560      487.520      499.780      907.550     1109.190
    10:     1298.630     1312.390     1315.920     1321.240     1442.890
    15:     1471.050     1503.770     1507.480     1654.670     1703.880
    20:     1993.820     2041.780     2088.380     2092.560     2161.460
    25:     2168.190     2194.030     2198.030     2264.210     2270.560
    30:     2292.880     2462.240     2569.810     2612.760     2685.260
    35:     2701.240     2704.940     2781.350     2952.190     2955.430
    40:     2981.920     3002.500     3097.510     3103.580     3138.360
    45:     3156.750     3268.450     3272.090     3351.350        0.000
    50:        0.000        0.000        0.000        0.000        0.000
    55:        0.000        0.000        0.000        0.000        0.000
    60:        0.000        0.000        0.000        0.000        0.000
    65:        0.000        0.000        0.000        0.000        0.000
    70:        0.000        0.000        0.000        0.000        0.000
    75:        0.000        0.000        0.000        0.000        0.000
    80:        0.000
Q:
     0:     3348.240        0.000        0.000        0.000        0.000
     5:        0.000        0.000        0.000        0.000        0.000
    10:        0.000        0.000        0.000        0.000        0.000
    15:        0.000        0.000        0.000        0.000        0.000
    20:        0.000        0.000        0.000        0.000        0.000
    25:        0.000        0.000        0.000        0.000        0.000
    30:        0.000        0.000        0.000        0.000        0.000
    35:        0.000        0.000        0.000        0.000        0.000
    40:        0.000        0.000        0.000        0.000        0.000
    45:        0.000        0.000        0.000        0.000        0.000
    50:        0.000        0.000        0.000        0.000        0.000
    55:        0.000        0.000        0.000        0.000        0.000
    60:        0.000        0.000        0.000        0.000        0.000
    65:        0.000        0.000        0.000        0.000        0.000
    70:        0.000        0.000        0.000        0.000        0.000
    75:        0.000        0.000        0.000        0.000        0.000
    80:        0.000
V:
     0:        0.000        0.000        0.000        0.000        0.000
     5:        0.000        0.000        0.000        0.000        0.000
    10:        0.000        0.000        0.000        0.000        0.000
    15:        0.000        0.000        0.000        0.000        0.000
    20:        0.000        0.000        0.000        0.000        0.000
    25:        0.000        0.000        0.000        0.000        0.000
    30:        0.000        0.000        0.000        0.000        0.000
    35:        0.000        0.000        0.000        0.000        0.000
    40:        0.000        0.000        0.000        0.000        0.000
    45:        0.000        0.000        0.000        0.000        0.000
    50:        0.000        0.000        0.000        0.000        0.000
    55:        0.000        0.000        0.000        0.000        0.000
    60:        0.000        0.000        0.000        0.000        0.000
    65:        0.000        0.000        0.000        0.000        0.000
    70:        0.000        0.000        0.000        0.000        0.000
    75:        0.000        0.000        0.000        0.000        0.000
    80:        0.000
