File: C:\MED-PC\Data\2025-01-27_13h18m_Subject 4.2.txt


Start Date: 01/27/25
End Date: 01/27/25
Subject: 4.2
Experiment: 5HT
Group: 
Box: 8
Start Time: 13:18:49
End Time: 13:48:51
MSN: LD_FR1_RightLever_30min_40reward_LeftLever_30min_40reward
A:      80.000
B:       0.000
C:       0.000
D:      80.000
F:       0.000
G:       0.000
H:       0.000
J:       0.000
K:      40.000
L:      67.000
M:       0.000
N:  179593.000
O:       0.000
P:       0.000
R:       0.000
S:       0.000
T:       0.000
U:       0.000
W:       0.000
X:      40.000
Y:       0.000
Z:       0.000
E:
     0:       44.590       77.790       94.730      164.670      180.930
     5:      208.130      230.710      253.530      275.400      292.040
    10:      359.630      393.000      401.050      420.810      440.170
    15:      476.070      521.080      536.360      585.730      598.090
    20:      619.350      641.690      682.090      706.880      715.420
    25:      730.560      743.870      754.320      767.570      779.100
    30:      804.970      811.190      821.700      872.700      885.350
    35:      914.060      920.350      937.260      946.390     1029.080
    40:     1125.950     1138.950     1147.380     1187.600     1196.240
    45:     1202.460     1234.410     1256.060     1271.880     1292.180
    50:     1317.290     1334.560     1462.560     1472.040     1519.680
    55:     1548.600     1553.850     1562.590     1595.250     1640.810
    60:     1655.110     1668.530     1687.090     1730.350     1755.360
    65:     1766.410     1782.500
I:
     0:        0.000        0.100       16.820       21.200       29.720
     5:       35.590       40.030       67.350       93.910      162.540
    10:      178.170      195.750      199.290      230.010      245.250
    15:      273.980      285.950      351.140      354.500      392.240
    20:      402.390      420.330      440.190      461.110      465.210
    25:      520.910      538.650      583.550      594.800      618.580
    30:      635.110      680.950      708.190      716.900      730.860
    35:      744.690      754.050      764.930      780.810      805.560
    40:      811.930      822.920      870.940      886.350      913.750
    45:      922.480      938.940      947.890     1022.990     1126.150
    50:     1141.430     1148.890     1187.330     1197.540     1202.050
    55:     1209.690     1212.950     1230.360     1252.140     1272.570
    60:     1287.340     1318.030     1323.260     1336.180     1463.070
    65:     1470.560     1522.260     1547.120     1554.540     1560.600
    70:     1564.360     1582.790     1641.920     1656.430     1670.190
    75:     1688.630     1720.480     1757.430     1767.940     1778.800
    80:     1783.490
Q:
     0:     1795.910        0.000        0.000        0.000        0.000
     5:        0.000        0.000        0.000        0.000        0.000
    10:        0.000        0.000        0.000        0.000        0.000
    15:        0.000        0.000        0.000        0.000        0.000
    20:        0.000        0.000        0.000        0.000        0.000
    25:        0.000        0.000        0.000        0.000        0.000
    30:        0.000        0.000        0.000        0.000        0.000
    35:        0.000        0.000        0.000        0.000        0.000
    40:        0.000        0.000        0.000        0.000        0.000
    45:        0.000        0.000        0.000        0.000        0.000
    50:        0.000        0.000        0.000        0.000        0.000
    55:        0.000        0.000        0.000        0.000        0.000
    60:        0.000        0.000        0.000        0.000        0.000
    65:        0.000        0.000        0.000        0.000        0.000
    70:        0.000        0.000        0.000        0.000        0.000
    75:        0.000        0.000        0.000        0.000        0.000
    80:        0.000
V:
     0:        0.000        0.000        0.000        0.000        0.000
     5:        0.000        0.000        0.000        0.000        0.000
    10:        0.000        0.000        0.000        0.000        0.000
    15:        0.000        0.000        0.000        0.000        0.000
    20:        0.000        0.000        0.000        0.000        0.000
    25:        0.000        0.000        0.000        0.000        0.000
    30:        0.000        0.000        0.000        0.000        0.000
    35:        0.000        0.000        0.000        0.000        0.000
    40:        0.000        0.000        0.000        0.000        0.000
    45:        0.000        0.000        0.000        0.000        0.000
    50:        0.000        0.000        0.000        0.000        0.000
    55:        0.000        0.000        0.000        0.000        0.000
    60:        0.000        0.000        0.000        0.000        0.000
    65:        0.000        0.000        0.000        0.000        0.000
    70:        0.000        0.000        0.000        0.000        0.000
    75:        0.000        0.000        0.000        0.000        0.000
    80:        0.000
