File: C:\MED-PC\Data\2025-02-05_12h43m_Subject 4.2.txt


Start Date: 02/05/25
End Date: 02/05/25
Subject: 4.2
Experiment: 5HT
Group: 
Box: 8
Start Time: 12:43:16
End Time: 13:02:59
MSN: 25_IC_FR1_BothActive_Retract_Omit_60min_80reward
D:      80.000
F:      30.000
G:      50.000
H:       5.000
J:       0.000
K:      30.000
L:      59.000
M:       0.000
N:  117677.000
O:       0.000
R:       0.000
T:       0.000
U:       0.000
W:       1.000
X:      50.000
Y:       0.000
Z:       0.000
A:
     0:        0.000      130.000        1.000        4.000      400.000
     5:      200.000
B:
     0:        0.000        1.000       49.000
C:
     0:        4.000        5.000        6.000
E:
     0:       20.910       28.160       33.100       42.770       50.550
     5:       56.480       63.470       74.460       82.580       89.220
    10:      675.130      724.490      733.440      743.520      749.940
    15:      754.860      762.280      767.360      772.470      777.270
    20:      783.020      788.530      801.530      843.340      849.130
    25:      854.720      860.340      866.080      875.980      881.050
    30:      889.250      895.080      901.530      909.140      914.630
    35:      919.980      924.410      931.130      938.960      945.940
    40:      952.850      962.390      974.080     1015.000     1044.350
    45:     1051.680     1058.490     1065.490     1074.870     1080.980
    50:     1091.150     1096.410     1111.730     1129.530     1134.600
    55:     1140.940     1150.150     1164.820     1175.230
I:
     0:        0.000       16.120       24.150       31.370       38.350
     5:       46.010       54.380       60.770       66.600       77.700
    10:       86.690       92.170      106.180      120.190      134.200
    15:      148.210      162.220      176.230      190.240      204.250
    20:      218.260      232.270      246.280      260.290      274.300
    25:      288.310      302.320      316.330      330.340      344.350
    30:      358.360      372.370      386.380      400.390      414.400
    35:      428.410      442.420      456.430      470.440      484.450
    40:      498.460      512.470      526.480      540.490      554.500
    45:      568.510      582.520      596.530      610.540      624.550
    50:      638.560      652.570      666.580      679.710      693.720
    55:      707.730      721.740      728.650      734.890      741.130
    60:      743.370      747.700      754.030      760.360      765.690
    65:      771.020      775.350      781.680      788.010      794.340
    70:      797.670      810.680      823.690      836.700      847.520
    75:      853.370      858.930      864.660      867.260      873.590
    80:      877.920      883.250      887.580      893.910      899.240
    85:      905.570      911.900      918.230      922.560      929.460
    90:      936.120      942.360      951.130      954.050      960.380
    95:      966.710      972.040      977.370      983.700      990.030
   100:      994.360      999.690     1004.020     1008.350     1019.690
   105:     1033.700     1049.570     1056.970     1063.730     1066.660
   110:     1070.990     1075.320     1080.650     1085.980     1090.310
   115:     1094.640     1099.970     1104.300     1109.630     1111.960
   120:     1123.970     1132.640     1137.640     1142.920     1148.190
   125:     1151.110     1155.440     1160.770     1167.100     1173.430
P:
     0:       10.110
Q:
     0:      673.690      722.630      728.870      735.110      741.350
     5:      743.690      748.020      754.350      760.680      766.010
    10:      771.340      775.670      782.000      788.330      794.660
    15:      867.580      873.910      878.240      883.570      887.900
    20:      894.230      899.560      905.890      912.220      918.550
    25:      954.370      960.700      967.030      972.360      977.690
    30:      984.020      990.350      994.680     1000.010     1004.340
    35:     1066.980     1071.310     1075.640     1080.970     1086.300
    40:     1090.630     1094.960     1100.290     1104.620     1109.950
    45:     1151.430     1155.760     1161.090     1167.420     1173.750
S:
     0:      102.180      116.190      130.200      144.210      158.220
     5:      172.230      186.240      200.250      214.260      228.270
    10:      242.280      256.290      270.300      284.310      298.320
    15:      312.330      326.340      340.350      354.360      368.370
    20:      382.380      396.390      410.400      424.410      438.420
    25:      452.430      466.440      480.450      494.460      508.470
    30:      522.480      536.490      550.500      564.510      578.520
    35:      592.530      606.540      620.550      634.560      648.570
    40:      662.580      689.720      703.730      717.740      807.680
    45:      820.690      833.700     1029.700     1121.970
V:
     0:       20.140       27.360       32.340       42.000       49.370
     5:       55.760       62.590       73.690       81.680       88.160
    10:      842.500      848.350      853.910      859.640      865.240
    15:      923.440      930.100      936.340      945.110      952.030
    20:     1013.670     1043.550     1050.950     1057.710     1064.640
    25:     1128.620     1133.620     1138.900     1144.170     1149.090
