File: C:\MED-PC\Data\2025-01-24_12h34m_Subject 1.4.txt


Start Date: 01/24/25
End Date: 01/24/25
Subject: 1.4
Experiment: 5HT
Group: 
Box: 4
Start Time: 12:34:35
End Time: 13:34:41
MSN: LD_FR1_LeftLever_30min_40reward_RightLever_30min_40reward
A:      30.000
B:       0.000
C:       0.000
D:      29.000
F:       0.000
G:       0.000
H:       0.000
J:       0.000
K:      29.000
L:      23.000
M:       0.000
N:  360001.000
O:       0.000
P:       0.000
R:       0.000
S:       0.000
T:       0.000
U:       0.000
W:       0.000
X:       0.000
Y:       0.000
Z:       0.000
E:
     0:      542.310     1064.900     1107.410     1293.860     1331.500
     5:     1472.440     1623.940     1670.270     1774.220     2321.220
    10:     2430.030     2476.880     2688.810     2728.280     2855.700
    15:     2931.470     3047.430     3214.650     3350.320     3392.980
    20:     3432.270     3524.050     3587.860
I:
     0:        0.000        0.100      493.960      840.650     1094.730
     5:     1105.010     1244.270     1291.440     1315.160     1319.240
    10:     1330.880     1462.470     1473.220     1482.290     1655.360
    15:     1764.020     1767.780     2294.230     2428.980     2477.720
    20:     2685.080     2719.090     2854.620     2903.250     3032.630
    25:     3214.560     3349.660     3384.520     3429.640     3523.850
    30:     3587.220        0.000        0.000        0.000        0.000
    35:        0.000        0.000        0.000        0.000        0.000
    40:        0.000        0.000        0.000        0.000        0.000
    45:        0.000        0.000        0.000        0.000        0.000
    50:        0.000        0.000        0.000        0.000        0.000
    55:        0.000        0.000        0.000        0.000        0.000
    60:        0.000        0.000        0.000        0.000        0.000
    65:        0.000        0.000        0.000        0.000        0.000
    70:        0.000        0.000        0.000        0.000        0.000
    75:        0.000        0.000        0.000        0.000        0.000
    80:        0.000
Q:
     0:     3584.110        0.000        0.000        0.000        0.000
     5:        0.000        0.000        0.000        0.000        0.000
    10:        0.000        0.000        0.000        0.000        0.000
    15:        0.000        0.000        0.000        0.000        0.000
    20:        0.000        0.000        0.000        0.000        0.000
    25:        0.000        0.000        0.000        0.000        0.000
    30:        0.000        0.000        0.000        0.000        0.000
    35:        0.000        0.000        0.000        0.000        0.000
    40:        0.000        0.000        0.000        0.000        0.000
    45:        0.000        0.000        0.000        0.000        0.000
    50:        0.000        0.000        0.000        0.000        0.000
    55:        0.000        0.000        0.000        0.000        0.000
    60:        0.000        0.000        0.000        0.000        0.000
    65:        0.000        0.000        0.000        0.000        0.000
    70:        0.000        0.000        0.000        0.000        0.000
    75:        0.000        0.000        0.000        0.000        0.000
    80:        0.000
V:
     0:        0.000        0.000        0.000        0.000        0.000
     5:        0.000        0.000        0.000        0.000        0.000
    10:        0.000        0.000        0.000        0.000        0.000
    15:        0.000        0.000        0.000        0.000        0.000
    20:        0.000        0.000        0.000        0.000        0.000
    25:        0.000        0.000        0.000        0.000        0.000
    30:        0.000        0.000        0.000        0.000        0.000
    35:        0.000        0.000        0.000        0.000        0.000
    40:        0.000        0.000        0.000        0.000        0.000
    45:        0.000        0.000        0.000        0.000        0.000
    50:        0.000        0.000        0.000        0.000        0.000
    55:        0.000        0.000        0.000        0.000        0.000
    60:        0.000        0.000        0.000        0.000        0.000
    65:        0.000        0.000        0.000        0.000        0.000
    70:        0.000        0.000        0.000        0.000        0.000
    75:        0.000        0.000        0.000        0.000        0.000
    80:        0.000
