File: C:\MED-PC\Data\2025-01-27_13h18m_Subject 5.2.txt


Start Date: 01/27/25
End Date: 01/27/25
Subject: 5.2
Experiment: 5HT
Group: 
Box: 12
Start Time: 13:18:49
End Time: 13:49:03
MSN: LD_FR1_RightLever_30min_40reward_LeftLever_30min_40reward
A:      80.000
B:       0.000
C:       0.000
D:      80.000
F:       0.000
G:       0.000
H:       0.000
J:       0.000
K:      40.000
L:      65.000
M:       0.000
N:  180793.000
O:       0.000
P:       0.000
R:       0.000
S:       0.000
T:       0.000
U:       0.000
W:       0.000
X:      40.000
Y:       0.000
Z:       0.000
E:
     0:       14.040       35.020      133.620      149.010      172.300
     5:      188.270      197.010      210.650      223.600      245.550
    10:      261.810      289.790      329.840      342.500      380.720
    15:      407.630      433.830      469.540      476.950      502.130
    20:      521.250      529.070      538.360      560.890      573.260
    25:      611.680      636.160      652.760      665.760      689.730
    30:      696.150      742.180      786.190      819.900      829.250
    35:      837.450      850.080      871.760      912.480      928.480
    40:      954.340      970.590     1003.340     1018.160     1033.620
    45:     1105.770     1162.970     1170.480     1185.900     1203.550
    50:     1257.400     1298.150     1329.110     1357.040     1374.310
    55:     1414.100     1463.640     1478.360     1535.630     1615.560
    60:     1642.280     1651.030     1698.810     1730.250     1758.740
I:
     0:        0.000        0.100        4.210       24.000      127.620
     5:      147.170      170.830      190.190      198.150      212.270
    10:      225.880      247.090      258.520      262.370      289.010
    15:      324.220      340.350      382.580      403.440      406.960
    20:      421.460      427.730      431.100      435.650      465.850
    25:      478.130      501.030      519.280      528.940      538.800
    30:      555.880      570.680      608.450      614.000      633.460
    35:      650.910      665.490      689.160      696.790      743.550
    40:      785.540      817.980      830.650      838.860      849.490
    45:      872.120      914.410      928.520      955.640      970.560
    50:      995.210     1002.480     1019.300     1034.670     1105.490
    55:     1148.890     1170.910     1186.210     1199.730     1205.650
    60:     1252.430     1256.410     1277.210     1307.020     1348.380
    65:     1374.170     1399.840     1416.090     1432.290     1438.780
    70:     1452.960     1478.570     1528.650     1597.310     1623.470
    75:     1631.300     1651.870     1697.270     1716.900     1743.120
    80:     1760.420
Q:
     0:     1807.910        0.000        0.000        0.000        0.000
     5:        0.000        0.000        0.000        0.000        0.000
    10:        0.000        0.000        0.000        0.000        0.000
    15:        0.000        0.000        0.000        0.000        0.000
    20:        0.000        0.000        0.000        0.000        0.000
    25:        0.000        0.000        0.000        0.000        0.000
    30:        0.000        0.000        0.000        0.000        0.000
    35:        0.000        0.000        0.000        0.000        0.000
    40:        0.000        0.000        0.000        0.000        0.000
    45:        0.000        0.000        0.000        0.000        0.000
    50:        0.000        0.000        0.000        0.000        0.000
    55:        0.000        0.000        0.000        0.000        0.000
    60:        0.000        0.000        0.000        0.000        0.000
    65:        0.000        0.000        0.000        0.000        0.000
    70:        0.000        0.000        0.000        0.000        0.000
    75:        0.000        0.000        0.000        0.000        0.000
    80:        0.000
V:
     0:        0.000        0.000        0.000        0.000        0.000
     5:        0.000        0.000        0.000        0.000        0.000
    10:        0.000        0.000        0.000        0.000        0.000
    15:        0.000        0.000        0.000        0.000        0.000
    20:        0.000        0.000        0.000        0.000        0.000
    25:        0.000        0.000        0.000        0.000        0.000
    30:        0.000        0.000        0.000        0.000        0.000
    35:        0.000        0.000        0.000        0.000        0.000
    40:        0.000        0.000        0.000        0.000        0.000
    45:        0.000        0.000        0.000        0.000        0.000
    50:        0.000        0.000        0.000        0.000        0.000
    55:        0.000        0.000        0.000        0.000        0.000
    60:        0.000        0.000        0.000        0.000        0.000
    65:        0.000        0.000        0.000        0.000        0.000
    70:        0.000        0.000        0.000        0.000        0.000
    75:        0.000        0.000        0.000        0.000        0.000
    80:        0.000
