File: C:\MED-PC\Data\2025-02-06_12h44m_Subject 4.3.txt


Start Date: 02/06/25
End Date: 02/06/25
Subject: 4.3
Experiment: 5HT
Group: 
Box: 9
Start Time: 12:44:39
End Time: 13:19:15
MSN: 25_IC_FR1_BothActive_Retract_Omit_60min_140reward
D:     140.000
F:      92.000
G:      48.000
H:       0.000
J:       0.000
K:      92.000
L:     113.000
M:       0.000
N:  207057.000
O:       0.000
R:       0.000
T:       0.000
U:       1.000
W:       1.000
X:      48.000
Y:       0.000
Z:       0.000
A:
     0:        0.000      189.000        2.000        0.000      600.000
     5:      400.000
B:
     0:        0.000       47.000        2.000
C:
     0:        6.000
E:
     0:        2.900       15.210       21.790       28.490       34.980
     5:       41.630       49.150       56.040       62.490       68.980
    10:       82.110       95.250      102.030      123.780      134.480
    15:      139.350      146.580      157.330      164.130      170.700
    20:      178.660      189.790      196.470      203.050      209.940
    25:      216.670      223.140      230.630      238.340      244.920
    30:      251.690      258.960      279.220      287.740      294.160
    35:      301.320      309.110      313.220      320.200      326.750
    40:      333.360      340.790      347.480      367.890      375.070
    45:      391.080      403.440      409.920      416.290      424.460
    50:      431.240      438.120      448.940      455.500      471.310
    55:      483.140      491.360      515.690      554.200      560.630
    60:      567.530      580.010      587.030      611.250      617.150
    65:      624.660      633.090      640.340      668.210      677.490
    70:      710.490      714.840      728.470      759.480      767.440
    75:      775.820      802.180      825.410      839.290      914.790
    80:      990.470      997.720     1013.150     1029.530     1043.300
    85:     1051.210     1088.330     1165.480     1202.480     1225.240
    90:     1244.330     1258.200     1287.680     1344.930     1387.080
    95:     1418.050     1428.160     1521.670     1570.030     1602.170
   100:     1613.380     1651.980     1660.630     1670.080     1763.700
   105:     1900.580     1937.730     2000.530     2006.720     2022.330
   110:     2030.440     2037.370     2068.440
I:
     0:        0.000        8.120       20.600       27.310       33.970
     5:       40.530       47.060       54.400       61.260       67.910
    10:       72.410       87.330      100.580      107.500      121.510
    15:      129.210      135.910      144.720      151.760      162.830
    20:      169.440      176.090      184.030      195.140      201.810
    25:      208.140      215.120      221.810      228.420      235.700
    30:      243.800      250.310      256.940      262.340      276.350
    35:      284.600      293.080      299.610      306.740      310.570
    40:      318.640      325.450      332.100      338.740      346.000
    45:      352.640      360.070      372.990      380.480      396.170
    50:      408.810      415.330      421.790      429.820      436.150
    55:      443.520      454.050      460.870      472.450      481.090
    60:      490.290      502.420      518.540      525.270      541.390
    65:      557.510      566.060      572.920      585.020      592.350
    70:      608.470      615.240      622.570      629.950      638.160
    75:      645.380      656.290      672.410      682.880      691.630
    80:      707.750      719.800      733.570      749.690      764.320
    85:      773.010      781.060      797.180      807.240      814.760
    90:      830.740      844.500      860.620      876.740      892.860
    95:      908.980      919.920      936.040      952.160      968.280
   100:      984.400      995.740     1002.890     1018.210     1027.100
   105:     1037.650     1044.220     1054.290     1070.410     1078.360
   110:     1093.020     1109.140     1125.260     1134.430     1143.040
   115:     1159.160     1175.280     1191.400     1204.730     1217.640
   120:     1233.760     1248.160     1263.500     1277.230     1292.770
   125:     1299.580     1313.780     1329.900     1340.240     1350.240
   130:     1366.360     1382.480     1390.480     1397.010     1413.130
   135:     1423.070     1433.310     1449.430     1465.550     1472.280
   140:     1481.380     1497.500     1505.470     1521.590     1537.710
   145:     1544.330     1560.450     1575.170     1589.140     1597.970
   150:     1607.530     1617.130     1629.590     1636.340     1645.540
   155:     1653.070     1665.750     1674.480     1686.290     1692.840
   160:     1702.160     1714.710     1724.760     1733.510     1749.630
   165:     1765.750     1781.870     1797.990     1814.110     1830.230
   170:     1846.350     1862.470     1877.340     1893.460     1903.820
   175:     1919.940     1934.020     1942.590     1958.710     1965.480
   180:     1972.860     1988.980     2005.100     2011.790     2025.690
   185:     2032.300     2041.030     2057.150     2063.940
P:
     0:      512.530      535.380      551.500      602.460      666.400
     5:      701.740      743.680      791.170      854.610      870.730
    10:      886.850      902.970      930.030      946.150      962.270
    15:      978.390     1064.400     1103.130     1119.250     1153.150
    20:     1169.270     1185.390     1227.750     1323.890     1360.350
    25:     1376.470     1407.120     1443.420     1459.540     1491.490
    30:     1515.580     1531.700     1554.440     1743.620     1759.740
    35:     1775.860     1791.980     1808.100     1824.220     1840.340
    40:     1856.460     1887.450     1913.930     1952.700     1982.970
    45:     1999.090     2051.140
Q:
     0:       81.310       94.560      101.480      123.190      133.890
     5:      178.020      189.130      278.580      287.060      293.590
    10:      300.720      308.550      319.440      346.630      354.060
    15:      437.510      454.860      475.080      616.560      632.150
    20:      685.620      808.750      913.910      996.880     1021.090
    25:     1031.640     1038.210     1128.420     1198.720     1257.490
    30:     1293.570     1334.230     1384.470     1391.000     1466.270
    35:     1499.460     1538.320     1591.960     1611.120     1623.580
    40:     1630.330     1696.150     1718.750     1727.500     2005.780
    45:     2019.680     2026.290     2057.930
S:
     0:      117.510      272.350
V:
     0:        2.110       14.590       21.300       27.960       34.520
     5:       41.050       48.390       55.250       61.900       68.400
    10:      138.710      145.750      156.820      163.430      170.080
    15:      195.800      202.130      209.110      215.800      222.410
    20:      229.690      237.790      244.300      250.930      258.330
    25:      312.630      326.090      332.730      339.990      366.980
    30:      374.470      390.160      402.800      409.320      415.780
    35:      423.810      430.140      448.040      466.440      484.280
    40:      496.410      519.260      560.050      566.910      579.010
    45:      586.340      609.230      623.940      639.370      650.280
    50:      676.870      713.790      727.560      758.310      767.000
    55:      775.050      801.230      824.730      838.490      989.730
    60:     1012.200     1048.280     1072.350     1087.010     1137.030
    65:     1211.630     1242.150     1271.220     1286.760     1307.770
    70:     1344.230     1417.060     1427.300     1475.370     1569.160
    75:     1583.130     1601.520     1639.530     1647.060     1659.740
    80:     1668.470     1680.280     1686.830     1708.700     1871.330
    85:     1897.810     1928.010     1936.580     1959.470     1966.850
    90:     2035.020     2067.550
