File: C:\MED-PC\Data\2025-02-11_13h12m_Subject 4.4.txt


Start Date: 02/11/25
End Date: 02/11/25
Subject: 4.4
Experiment: 5HT
Group: 
Box: 10
Start Time: 13:12:05
End Time: 13:40:04
MSN: 25_IC_FR1_BothActive_Retract_Omit_60min_140reward
D:     140.000
F:      65.000
G:      75.000
H:       3.000
J:       0.000
K:      65.000
L:     133.000
M:       0.000
N:  143375.000
O:       0.000
R:       0.000
T:       0.000
U:       0.000
W:       1.000
X:      75.000
Y:       0.000
Z:       0.000
A:
     0:        0.000      156.000        1.000        1.000      600.000
     5:      400.000
B:
     0:        0.000       13.000        3.000
C:
     0:        6.000
E:
     0:        4.260       10.850       21.890       28.480       37.040
     5:       43.980       53.280       59.980       66.750       73.480
    10:       81.370       90.600       97.660      105.070      111.600
    15:      121.030      128.440      138.650      147.850      155.070
    20:      161.980      172.080      178.710      185.890      193.220
    25:      200.160      207.110      221.410      228.540      235.330
    30:      245.270      251.550      259.380      268.030      274.480
    35:      283.520      290.170      296.650      300.500      307.950
    40:      314.450      321.160      328.230      335.010      341.830
    45:      348.350      355.150      361.590      368.440      375.060
    50:      383.110      389.790      396.520      404.010      410.220
    55:      417.070      423.800      430.330      439.180      445.780
    60:      456.150      462.780      471.230      481.520      489.550
    65:      499.720      510.730      521.460      531.110      537.920
    70:      548.780      575.290      581.010      594.210      601.100
    75:      608.310      615.980      623.710      630.560      636.790
    80:      649.900      657.860      666.480      680.510      692.540
    85:      701.740      706.200      728.370      748.770      755.080
    90:      775.540      779.530      786.770      794.470      808.180
    95:      832.710      842.870      858.710      867.150      880.560
   100:      887.350      919.250      927.760      934.350      942.330
   105:      949.460      960.860      967.670      974.900      986.310
   110:     1000.570     1009.140     1053.100     1065.170     1103.410
   115:     1113.180     1121.540     1131.950     1141.910     1149.120
   120:     1185.100     1193.190     1236.740     1243.730     1250.550
   125:     1259.520     1268.310     1309.910     1338.730     1361.900
   130:     1377.240     1422.160     1424.530
I:
     0:        0.000        9.550       16.260       27.320       33.930
     5:       42.580       49.380       58.610       65.420       72.200
    10:       78.890       86.870       95.950      103.050      110.560
    15:      117.110      126.390      133.780      144.040      153.180
    20:      159.920      166.740      177.460      184.030      191.370
    25:      198.720      205.050      212.580      226.810      233.890
    30:      240.770      250.220      257.100      261.790      272.950
    35:      279.500      288.920      295.450      297.960      305.890
    40:      312.690      319.400      326.520      333.610      340.320
    45:      347.060      353.810      360.440      367.000      373.820
    50:      380.490      388.640      395.200      401.930      409.240
    55:      415.640      422.320      429.330      435.660      444.480
    60:      451.090      461.500      468.180      476.710      485.920
    65:      494.850      503.970      516.050      526.450      536.570
    70:      543.430      554.170      570.290      579.410      586.450
    75:      599.630      606.570      613.280      621.380      628.960
    80:      635.430      642.160      655.260      663.170      671.820
    85:      685.860      697.370      704.910      711.500      725.510
    90:      733.480      747.490      754.140      760.380      774.390
    95:      776.890      784.880      792.170      799.350      813.010
   100:      829.130      838.160      848.140      864.040      872.560
   105:      885.060      892.680      908.800      924.640      933.190
   110:      939.770      947.640      954.780      966.230      973.010
   115:      980.200      991.670      998.340     1005.930     1014.510
   120:     1030.630     1037.430     1053.550     1063.970     1080.090
   125:     1096.210     1108.720     1118.410     1126.910     1137.370
   130:     1145.910     1154.460     1165.420     1181.540     1190.430
   135:     1198.510     1214.630     1230.750     1241.930     1249.020
   140:     1255.750     1263.320     1273.670     1280.600     1287.770
   145:     1299.670     1315.240     1331.360     1344.040     1360.160
   150:     1367.150     1382.190     1392.360     1402.720     1418.840
   155:     1429.830
P:
     0:      564.280      823.120      902.790     1024.620     1047.540
     5:     1074.080     1090.200     1175.530     1208.620     1224.740
    10:     1325.350     1354.150     1412.830
Q:
     0:        3.540       10.250       52.600       59.410       66.190
     5:       72.880       89.940       97.040      111.100      127.770
    10:      153.910      178.020      266.930      273.480      282.900
    15:      289.430      295.940      306.680      334.310      341.050
    20:      347.800      354.430      360.990      395.920      403.230
    25:      416.310      438.470      445.080      455.490      488.840
    30:      497.960      510.040      520.440      615.370      622.950
    35:      629.420      636.150      649.250      657.160      665.810
    40:      679.850      691.360      700.900      786.160      793.340
    45:      807.000      858.030      918.630      927.180      933.760
    50:      948.770      960.220      967.000      985.660      992.330
    55:      999.920     1057.960     1112.400     1120.900     1159.410
    60:     1184.420     1192.500     1235.920     1243.010     1249.740
    65:     1257.310     1267.660     1274.590     1293.660     1309.230
    70:     1338.030     1361.140     1396.710     1423.820     1430.730
S:
     0:      721.510      743.490      770.390
V:
     0:       21.310       27.920       36.570       43.370       80.860
     5:      104.550      120.380      138.030      147.170      160.730
    10:      171.450      185.360      192.710      199.040      206.570
    15:      220.800      227.880      234.760      244.210      251.090
    20:      257.780      299.880      313.390      320.510      327.600
    25:      367.810      374.480      382.630      389.190      409.630
    30:      423.320      429.650      462.170      470.700      479.910
    35:      530.560      537.420      548.160      573.400      580.440
    40:      593.620      600.560      607.270      705.480      727.460
    45:      748.120      754.360      774.870      778.870      832.150
    50:      842.130      866.550      879.050      886.670      941.630
    55:      974.190     1008.500     1031.420     1102.710     1131.360
    60:     1139.900     1148.450     1281.760     1376.180     1386.350
