File: C:\MED-PC\Data\2025-01-24_13h42m_Subject 3.3.txt


Start Date: 01/24/25
End Date: 01/24/25
Subject: 3.3
Experiment: 5HT
Group: 
Box: 5
Start Time: 13:42:08
End Time: 14:42:14
MSN: LD_FR1_LeftLever_30min_40reward_RightLever_30min_40reward
A:      48.000
B:       0.000
C:       0.000
D:      47.000
F:       0.000
G:       0.000
H:       0.000
J:       0.000
K:      40.000
L:      22.000
M:       0.000
N:  360001.000
O:       0.000
P:       0.000
R:       0.000
S:       0.000
T:       0.000
U:       0.000
W:       0.000
X:       7.000
Y:       0.000
Z:       0.000
E:
     0:       48.780      147.380      310.670      373.830      421.030
     5:      487.260      889.900     1181.240     1207.450     1576.510
    10:     1665.050     1722.070     1802.250     1986.400     2040.460
    15:     2113.550     2248.870     2542.230     2726.020     2901.980
    20:     3019.040     3147.640
I:
     0:        0.000        0.100       46.020      110.570      259.220
     5:      321.090      387.210      466.210      815.150      820.830
    10:      825.090      853.320     1162.390     1196.060     1201.970
    15:     1550.330     1557.210     1566.760     1570.080     1573.700
    20:     1645.180     1652.490     1656.900     1713.520     1756.020
    25:     1820.430     1903.220     1989.660     1993.340     2035.850
    30:     2104.710     2108.110     2111.820     2202.960     2211.270
    35:     2243.970     2247.320     2346.280     2457.410     2503.530
    40:     2687.240     2811.780     2888.120     2893.130     2898.830
    45:     2992.750     2998.250     3057.770     3135.710        0.000
    50:        0.000        0.000        0.000        0.000        0.000
    55:        0.000        0.000        0.000        0.000        0.000
    60:        0.000        0.000        0.000        0.000        0.000
    65:        0.000        0.000        0.000        0.000        0.000
    70:        0.000        0.000        0.000        0.000        0.000
    75:        0.000        0.000        0.000        0.000        0.000
    80:        0.000
Q:
     0:     3132.600        0.000        0.000        0.000        0.000
     5:        0.000        0.000        0.000        0.000        0.000
    10:        0.000        0.000        0.000        0.000        0.000
    15:        0.000        0.000        0.000        0.000        0.000
    20:        0.000        0.000        0.000        0.000        0.000
    25:        0.000        0.000        0.000        0.000        0.000
    30:        0.000        0.000        0.000        0.000        0.000
    35:        0.000        0.000        0.000        0.000        0.000
    40:        0.000        0.000        0.000        0.000        0.000
    45:        0.000        0.000        0.000        0.000        0.000
    50:        0.000        0.000        0.000        0.000        0.000
    55:        0.000        0.000        0.000        0.000        0.000
    60:        0.000        0.000        0.000        0.000        0.000
    65:        0.000        0.000        0.000        0.000        0.000
    70:        0.000        0.000        0.000        0.000        0.000
    75:        0.000        0.000        0.000        0.000        0.000
    80:        0.000
V:
     0:        0.000        0.000        0.000        0.000        0.000
     5:        0.000        0.000        0.000        0.000        0.000
    10:        0.000        0.000        0.000        0.000        0.000
    15:        0.000        0.000        0.000        0.000        0.000
    20:        0.000        0.000        0.000        0.000        0.000
    25:        0.000        0.000        0.000        0.000        0.000
    30:        0.000        0.000        0.000        0.000        0.000
    35:        0.000        0.000        0.000        0.000        0.000
    40:        0.000        0.000        0.000        0.000        0.000
    45:        0.000        0.000        0.000        0.000        0.000
    50:        0.000        0.000        0.000        0.000        0.000
    55:        0.000        0.000        0.000        0.000        0.000
    60:        0.000        0.000        0.000        0.000        0.000
    65:        0.000        0.000        0.000        0.000        0.000
    70:        0.000        0.000        0.000        0.000        0.000
    75:        0.000        0.000        0.000        0.000        0.000
    80:        0.000
