File: C:\MED-PC\Data\2025-01-27_13h18m_Subject 4.3.txt


Start Date: 01/27/25
End Date: 01/27/25
Subject: 4.3
Experiment: 5HT
Group: 
Box: 9
Start Time: 13:18:49
End Time: 13:56:00
MSN: LD_FR1_RightLever_30min_40reward_LeftLever_30min_40reward
A:      80.000
B:       0.000
C:       0.000
D:      80.000
F:       0.000
G:       0.000
H:       0.000
J:       0.000
K:      40.000
L:      75.000
M:       0.000
N:  222486.000
O:       0.000
P:       0.000
R:       0.000
S:       0.000
T:       0.000
U:       0.000
W:       0.000
X:      40.000
Y:       0.000
Z:       0.000
E:
     0:       11.300      122.040      165.130      190.360      240.600
     5:      289.740      306.440      384.850      415.110      439.170
    10:      488.090      503.980      527.810      548.130      563.720
    15:      579.410      592.340      603.890      629.440      666.690
    20:      679.500      715.140      732.820      740.640      758.990
    25:      783.220      817.950      830.900      864.260      872.540
    30:      969.150      986.710     1001.140     1014.660     1031.490
    35:     1040.990     1047.020     1058.430     1080.060     1110.090
    40:     1127.370     1144.430     1162.660     1186.890     1197.550
    45:     1208.790     1236.010     1247.240     1266.410     1284.140
    50:     1324.480     1410.140     1423.850     1557.400     1568.770
    55:     1644.940     1735.290     1769.910     1779.490     1788.690
    60:     1800.770     1810.500     1820.350     1829.200     1840.620
    65:     1854.210     1863.440     1869.980     1876.720     1909.680
    70:     1937.430     2041.330     2108.690     2179.890     2213.660
I:
     0:        0.000        0.100       10.090      104.850      114.100
     5:      157.680      163.800      181.700      197.050      267.010
    10:      287.910      303.120      355.400      414.700      430.730
    15:      487.480      504.990      526.140      550.750      564.480
    20:      573.850      593.050      605.190      628.650      667.890
    25:      680.450      716.700      732.520      741.580      758.490
    30:      780.870      819.930      830.910      865.500      874.550
    35:      969.290      985.960     1003.290     1016.830     1031.360
    40:     1042.950     1048.750     1058.710     1078.060     1081.770
    45:     1110.650     1128.040     1146.070     1160.770     1188.250
    50:     1198.650     1206.590     1237.150     1249.670     1268.310
    55:     1279.640     1326.820     1411.760     1425.720     1556.050
    60:     1567.850     1646.910     1736.690     1770.090     1780.750
    65:     1787.160     1800.480     1808.840     1821.050     1828.350
    70:     1840.670     1856.000     1865.730     1870.460     1877.390
    75:     1899.780     1924.100     2042.700     2111.150     2175.200
    80:     2215.360
Q:
     0:     2224.840        0.000        0.000        0.000        0.000
     5:        0.000        0.000        0.000        0.000        0.000
    10:        0.000        0.000        0.000        0.000        0.000
    15:        0.000        0.000        0.000        0.000        0.000
    20:        0.000        0.000        0.000        0.000        0.000
    25:        0.000        0.000        0.000        0.000        0.000
    30:        0.000        0.000        0.000        0.000        0.000
    35:        0.000        0.000        0.000        0.000        0.000
    40:        0.000        0.000        0.000        0.000        0.000
    45:        0.000        0.000        0.000        0.000        0.000
    50:        0.000        0.000        0.000        0.000        0.000
    55:        0.000        0.000        0.000        0.000        0.000
    60:        0.000        0.000        0.000        0.000        0.000
    65:        0.000        0.000        0.000        0.000        0.000
    70:        0.000        0.000        0.000        0.000        0.000
    75:        0.000        0.000        0.000        0.000        0.000
    80:        0.000
V:
     0:        0.000        0.000        0.000        0.000        0.000
     5:        0.000        0.000        0.000        0.000        0.000
    10:        0.000        0.000        0.000        0.000        0.000
    15:        0.000        0.000        0.000        0.000        0.000
    20:        0.000        0.000        0.000        0.000        0.000
    25:        0.000        0.000        0.000        0.000        0.000
    30:        0.000        0.000        0.000        0.000        0.000
    35:        0.000        0.000        0.000        0.000        0.000
    40:        0.000        0.000        0.000        0.000        0.000
    45:        0.000        0.000        0.000        0.000        0.000
    50:        0.000        0.000        0.000        0.000        0.000
    55:        0.000        0.000        0.000        0.000        0.000
    60:        0.000        0.000        0.000        0.000        0.000
    65:        0.000        0.000        0.000        0.000        0.000
    70:        0.000        0.000        0.000        0.000        0.000
    75:        0.000        0.000        0.000        0.000        0.000
    80:        0.000
