File: C:\MED-PC\Data\2025-02-11_13h12m_Subject 1.4.txt


Start Date: 02/11/25
End Date: 02/11/25
Subject: 1.4
Experiment: 5HT
Group: 
Box: 4
Start Time: 13:12:05
End Time: 13:54:03
MSN: 25_IC_FR1_BothActive_Retract_Omit_60min_140reward
D:     140.000
F:      79.000
G:      61.000
H:       1.000
J:       0.000
K:      79.000
L:     131.000
M:       0.000
N:  227176.000
O:       0.000
R:       0.000
T:       0.000
U:       0.000
W:       1.000
X:      61.000
Y:       0.000
Z:       0.000
A:
     0:        0.000      202.000        2.000        0.000      600.000
     5:      400.000
B:
     0:        0.000       58.000        4.000
C:
     0:        6.000
E:
     0:        8.990       15.790       23.900       36.590       60.300
     5:       74.320       81.100       92.400      105.400      109.720
    10:      122.080      129.690      139.770      146.940      154.370
    15:      163.120      170.510      194.610      199.490      210.820
    20:      217.610      225.000      254.220      296.990      372.320
    25:      400.170      413.630      421.200      427.580      434.390
    30:      444.660      455.520      462.300      468.870      475.330
    35:      482.560      488.200      496.390      502.910      509.710
    40:      515.870      524.030      530.800      542.290      548.840
    45:      555.820      566.000      572.210      581.350      594.520
    50:      616.650      625.320      638.280      642.090      655.390
    55:      685.400      696.550      703.080      732.190      739.190
    60:      753.350      759.570      766.870      781.000      795.340
    65:      802.770      810.450      816.970      842.220      849.120
    70:      871.940      878.560      886.970      896.530      935.390
    75:      941.910      949.750      958.110      967.020      994.390
    80:     1002.140     1038.730     1048.500     1052.140     1058.320
    85:     1065.220     1071.760     1079.310     1093.500     1101.520
    90:     1140.500     1149.010     1156.570     1163.940     1184.800
    95:     1197.200     1221.600     1236.440     1261.750     1267.530
   100:     1282.030     1297.740     1319.050     1330.000     1370.810
   105:     1378.080     1392.330     1405.780     1436.810     1544.410
   110:     1552.690     1626.030     1633.710     1656.180     1669.700
   115:     1695.100     1701.840     1709.190     1727.060     1823.700
   120:     1826.050     1834.020     1842.550     1901.080     1986.720
   125:     2002.730     2010.480     2065.100     2075.710     2107.750
   130:     2256.760
I:
     0:        0.000       14.040       20.870       29.160       41.910
     5:       58.030       65.640       79.770       86.670       97.690
    10:      105.130      114.940      127.330      135.050      145.260
    15:      152.350      158.950      168.520      175.720      183.730
    20:      198.260      204.930      215.540      222.060      230.510
    25:      246.630      259.730      275.850      291.970      302.350
    30:      318.470      334.590      350.710      366.830      377.740
    35:      393.860      405.730      419.060      426.640      433.060
    40:      439.880      450.110      461.050      467.760      474.320
    45:      480.800      487.310      493.780      501.970      508.400
    50:      514.910      521.310      529.620      536.070      547.890
    55:      554.410      561.060      571.220      575.780      586.990
    60:      600.070      614.080      622.140      630.970      639.760
    65:      647.550      660.800      676.920      690.790      702.050
    70:      708.610      724.730      737.590      744.440      758.170
    75:      764.880      772.430      785.700      800.990      808.390
    80:      815.760      822.560      838.680      847.780      854.650
    85:      870.770      877.510      884.080      892.470      901.960
    90:      918.080      934.200      940.910      947.460      954.030
    95:      961.520      972.510      986.520      999.970     1007.780
   100:     1021.790     1035.800     1044.260     1049.860     1057.450
   105:     1063.920     1070.780     1077.300     1084.880     1099.050
   110:     1106.150     1122.270     1138.390     1145.940     1154.570
   115:     1162.180     1169.320     1175.650     1191.770     1201.960
   120:     1218.080     1227.140     1241.940     1258.060     1265.320
   125:     1273.160     1287.450     1300.590     1316.710     1324.140
   130:     1335.480     1351.600     1367.720     1376.080     1383.530
   135:     1397.650     1410.960     1427.080     1433.410     1441.850
   140:     1457.970     1474.090     1490.210     1506.330     1522.450
   145:     1534.610     1550.730     1557.840     1573.960     1590.080
   150:     1600.060     1616.180     1632.300     1639.060     1655.180
   155:     1661.670     1674.710     1690.830     1700.620     1707.200
   160:     1714.660     1725.080     1732.520     1748.640     1756.690
   165:     1772.810     1788.930     1805.050     1821.170     1831.460
   170:     1839.640     1847.950     1864.070     1880.190     1896.310
   175:     1906.430     1920.300     1935.960     1952.080     1968.200
   180:     1984.320     1992.210     2008.040     2015.060     2031.180
   185:     2047.300     2063.420     2070.720     2079.800     2090.640
   190:     2098.780     2113.140     2129.260     2145.380     2161.500
   195:     2177.620     2193.740     2201.770     2217.890     2234.010
   200:     2250.130     2261.770
P:
     0:       52.020      240.620      269.840      285.960      312.460
     5:      328.580      344.700      360.820      387.850      670.910
    10:      718.720      832.670      864.760      912.070      928.190
    15:     1116.260     1132.380     1185.760     1212.070     1252.050
    20:     1310.700     1345.590     1361.710     1421.070     1451.960
    25:     1468.080     1484.200     1500.320     1516.440     1544.720
    30:     1567.950     1584.070     1610.170     1626.290     1649.170
    35:     1684.820     1742.630     1766.800     1782.920     1799.040
    40:     1815.160     1858.060     1874.180     1890.300     1946.070
    45:     1962.190     1978.310     2025.170     2041.290     2057.410
    50:     2123.250     2139.370     2155.490     2171.610     2187.730
    55:     2211.880     2228.000     2244.120
Q:
     0:        8.030       23.150       59.630       80.660       99.120
     5:      108.930      121.320      129.040      162.510      192.250
    10:      209.530      224.500      296.340      399.720      420.630
    15:      495.960      580.970      594.050      616.120      624.950
    20:      637.740      641.540      654.790      731.580      752.160
    25:      779.690      794.980      816.550      966.490      993.950
    30:     1001.760     1038.240     1047.840     1093.040     1139.930
    35:     1156.170     1169.640     1195.950     1235.930     1267.150
    40:     1281.440     1294.580     1377.520     1391.640     1404.950
    45:     1427.400     1435.840     1528.600     1594.050     1668.700
    50:     1694.610     1708.650     1726.510     1750.680     1833.630
    55:     1914.290     2002.030     2064.710     2084.630     2107.130
    60:     2268.740
S:
     0:      610.080      982.520     1017.790     1031.800
V:
     0:       14.860       35.900       73.760       91.680      139.250
     5:      146.340      152.940      169.710      177.720      198.920
    10:      216.050      253.720      371.730      413.050      427.050
    15:      433.870      444.100      455.040      461.750      468.310
    20:      474.790      481.300      487.770      502.390      508.900
    25:      515.300      523.610      530.060      541.880      548.400
    30:      555.050      565.210      571.770      684.780      696.040
    35:      702.600      738.430      758.870      766.420      802.380
    40:      809.750      841.770      848.640      871.500      878.070
    45:      886.460      895.950      934.900      941.450      948.020
    50:      957.510     1051.440     1057.910     1064.770     1071.290
    55:     1078.870     1100.140     1148.560     1163.310     1221.130
    60:     1259.310     1318.130     1329.470     1370.070     1551.830
    65:     1633.050     1655.660     1701.190     1719.070     1825.450
    70:     1841.940     1900.420     1929.950     1986.200     2009.050
    75:     2073.790     2092.770     2195.760     2255.760
