File: C:\MED-PC\Data\2025-01-24_13h42m_Subject 2.3.txt


Start Date: 01/24/25
End Date: 01/24/25
Subject: 2.3
Experiment: 5HT
Group: 
Box: 1
Start Time: 13:42:08
End Time: 14:42:14
MSN: LD_FR1_LeftLever_30min_40reward_RightLever_30min_40reward
A:      69.000
B:       0.000
C:       0.000
D:      68.000
F:       0.000
G:       0.000
H:       0.000
J:       0.000
K:      40.000
L:      48.000
M:       0.000
N:  360001.000
O:       0.000
P:       0.000
R:       0.000
S:       0.000
T:       0.000
U:       0.000
W:       0.000
X:      28.000
Y:       0.000
Z:       0.000
E:
     0:       84.580      138.570      200.610      493.970      562.610
     5:      667.430      718.560      800.650      968.220     1035.590
    10:     1082.180     1155.140     1280.350     1448.050     1479.650
    15:     1539.530     1566.750     1634.220     1666.340     1688.610
    20:     1716.660     1893.960     1971.370     2078.100     2161.890
    25:     2249.850     2267.200     2308.100     2344.220     2384.910
    30:     2429.000     2499.150     2551.720     2650.430     2713.590
    35:     2739.300     2812.740     2912.570     2945.570     3052.810
    40:     3183.340     3215.360     3270.510     3290.090     3350.390
    45:     3360.300     3413.040     3559.950
I:
     0:        0.000        0.100       79.940       85.060      127.190
     5:      196.020      467.020      563.140      657.340      718.680
    10:      793.100      796.560      962.230     1027.800     1031.200
    15:     1036.890     1081.400     1132.310     1269.120     1443.550
    20:     1447.190     1479.540     1532.230     1535.780     1566.340
    25:     1619.930     1623.850     1661.420     1675.770     1680.080
    30:     1689.350     1709.260     1886.950     1891.430     1967.610
    35:     1972.570     2074.090     2078.140     2160.290     2225.430
    40:     2267.000     2295.980     2334.140     2365.980     2369.630
    45:     2378.750     2418.300     2478.300     2494.240     2520.990
    50:     2550.340     2649.410     2709.310     2725.720     2808.580
    55:     2896.110     2937.150     2947.210     3046.740     3182.530
    60:     3213.220     3237.900     3249.220     3289.670     3334.260
    65:     3359.670     3409.510     3441.950     3546.710     3581.950
    70:        0.000        0.000        0.000        0.000        0.000
    75:        0.000        0.000        0.000        0.000        0.000
    80:        0.000
Q:
     0:     3578.840        0.000        0.000        0.000        0.000
     5:        0.000        0.000        0.000        0.000        0.000
    10:        0.000        0.000        0.000        0.000        0.000
    15:        0.000        0.000        0.000        0.000        0.000
    20:        0.000        0.000        0.000        0.000        0.000
    25:        0.000        0.000        0.000        0.000        0.000
    30:        0.000        0.000        0.000        0.000        0.000
    35:        0.000        0.000        0.000        0.000        0.000
    40:        0.000        0.000        0.000        0.000        0.000
    45:        0.000        0.000        0.000        0.000        0.000
    50:        0.000        0.000        0.000        0.000        0.000
    55:        0.000        0.000        0.000        0.000        0.000
    60:        0.000        0.000        0.000        0.000        0.000
    65:        0.000        0.000        0.000        0.000        0.000
    70:        0.000        0.000        0.000        0.000        0.000
    75:        0.000        0.000        0.000        0.000        0.000
    80:        0.000
V:
     0:        0.000        0.000        0.000        0.000        0.000
     5:        0.000        0.000        0.000        0.000        0.000
    10:        0.000        0.000        0.000        0.000        0.000
    15:        0.000        0.000        0.000        0.000        0.000
    20:        0.000        0.000        0.000        0.000        0.000
    25:        0.000        0.000        0.000        0.000        0.000
    30:        0.000        0.000        0.000        0.000        0.000
    35:        0.000        0.000        0.000        0.000        0.000
    40:        0.000        0.000        0.000        0.000        0.000
    45:        0.000        0.000        0.000        0.000        0.000
    50:        0.000        0.000        0.000        0.000        0.000
    55:        0.000        0.000        0.000        0.000        0.000
    60:        0.000        0.000        0.000        0.000        0.000
    65:        0.000        0.000        0.000        0.000        0.000
    70:        0.000        0.000        0.000        0.000        0.000
    75:        0.000        0.000        0.000        0.000        0.000
    80:        0.000
