File: C:\MED-PC\Data\2025-01-28_13h19m_Subject 6.1.txt


Start Date: 01/28/25
End Date: 01/28/25
Subject: 6.1
Experiment: 5HT
Group: 
Box: 9
Start Time: 13:19:56
End Time: 13:47:27
MSN: LD_FR1_LeftLever_30min_40reward_RightLever_30min_40reward
A:      80.000
B:       0.000
C:       0.000
D:      80.000
F:       0.000
G:       0.000
H:       0.000
J:       0.000
K:      40.000
L:      72.000
M:       0.000
N:  164417.000
O:       0.000
P:       0.000
R:       0.000
S:       0.000
T:       0.000
U:       0.000
W:       0.000
X:      40.000
Y:       0.000
Z:       0.000
E:
     0:       82.730       86.300       97.740      110.920      119.450
     5:      127.530      136.730      144.620      152.460      159.240
    10:      167.080      245.230      250.960      256.410      264.430
    15:      270.240      277.500      286.940      293.700      318.970
    20:      323.900      331.820      335.840      367.440      379.900
    25:      390.830      402.530      423.780      454.960      476.510
    30:      482.450      488.370      493.710      503.940      525.890
    35:      556.830      619.730      654.130      662.400      667.120
    40:      671.930      677.520      687.020      710.280      781.190
    45:      786.090      794.040      850.860      864.390      930.530
    50:      941.330      948.890      961.240     1009.100     1015.670
    55:     1027.270     1089.130     1094.520     1100.370     1104.860
    60:     1115.720     1126.890     1243.860     1282.120     1335.110
    65:     1420.000     1503.230     1527.650     1534.750     1541.120
    70:     1596.270     1635.980
I:
     0:        0.000        0.100       84.000       88.380       98.960
     5:      112.570      121.180      129.710      138.510      146.390
    10:      154.120      160.920      169.060      246.520      252.640
    15:      258.590      265.730      272.250      278.070      285.310
    20:      288.740      295.110      319.440      325.890      333.050
    25:      336.900      351.780      381.280      392.590      404.270
    30:      409.300      456.840      477.770      483.300      490.060
    35:      495.020      499.830      505.520      509.600      519.630
    40:      558.020      621.280      653.290      664.270      669.010
    45:      673.970      678.460      684.070      688.890      711.200
    50:      781.440      787.810      795.810      852.550      865.630
    55:      932.430      943.670      950.950      962.830     1010.810
    60:     1016.310     1026.790     1090.890     1096.750     1102.050
    65:     1106.990     1116.030     1121.560     1125.610     1245.720
    70:     1268.480     1277.190     1337.090     1409.880     1505.170
    75:     1529.760     1534.310     1542.450     1585.690     1588.970
    80:     1637.970
Q:
     0:     1644.150        0.000        0.000        0.000        0.000
     5:        0.000        0.000        0.000        0.000        0.000
    10:        0.000        0.000        0.000        0.000        0.000
    15:        0.000        0.000        0.000        0.000        0.000
    20:        0.000        0.000        0.000        0.000        0.000
    25:        0.000        0.000        0.000        0.000        0.000
    30:        0.000        0.000        0.000        0.000        0.000
    35:        0.000        0.000        0.000        0.000        0.000
    40:        0.000        0.000        0.000        0.000        0.000
    45:        0.000        0.000        0.000        0.000        0.000
    50:        0.000        0.000        0.000        0.000        0.000
    55:        0.000        0.000        0.000        0.000        0.000
    60:        0.000        0.000        0.000        0.000        0.000
    65:        0.000        0.000        0.000        0.000        0.000
    70:        0.000        0.000        0.000        0.000        0.000
    75:        0.000        0.000        0.000        0.000        0.000
    80:        0.000
V:
     0:        0.000        0.000        0.000        0.000        0.000
     5:        0.000        0.000        0.000        0.000        0.000
    10:        0.000        0.000        0.000        0.000        0.000
    15:        0.000        0.000        0.000        0.000        0.000
    20:        0.000        0.000        0.000        0.000        0.000
    25:        0.000        0.000        0.000        0.000        0.000
    30:        0.000        0.000        0.000        0.000        0.000
    35:        0.000        0.000        0.000        0.000        0.000
    40:        0.000        0.000        0.000        0.000        0.000
    45:        0.000        0.000        0.000        0.000        0.000
    50:        0.000        0.000        0.000        0.000        0.000
    55:        0.000        0.000        0.000        0.000        0.000
    60:        0.000        0.000        0.000        0.000        0.000
    65:        0.000        0.000        0.000        0.000        0.000
    70:        0.000        0.000        0.000        0.000        0.000
    75:        0.000        0.000        0.000        0.000        0.000
    80:        0.000
