File: C:\MED-PC\Data\2025-01-28_12h33m_Subject 4.2.txt


Start Date: 01/28/25
End Date: 01/28/25
Subject: 4.2
Experiment: 5HT
Group: 
Box: 8
Start Time: 12:33:00
End Time: 12:46:28
MSN: LD_FR1_LeftLever_30min_40reward_RightLever_30min_40reward
A:      80.000
B:       0.000
C:       0.000
D:      80.000
F:       0.000
G:       0.000
H:       0.000
J:       0.000
K:      40.000
L:      75.000
M:       0.000
N:   80120.000
O:       0.000
P:       0.000
R:       0.000
S:       0.000
T:       0.000
U:       0.000
W:       0.000
X:      40.000
Y:       0.000
Z:       0.000
E:
     0:       26.780       36.630       51.090       56.770       63.020
     5:       68.550       75.280       82.290      104.750      135.650
    10:      141.470      164.810      176.790      202.450      238.490
    15:      257.640      265.550      274.770      284.010      295.860
    20:      302.170      313.030      318.970      331.870      337.130
    25:      348.430      355.160      359.220      363.450      367.570
    30:      372.060      376.500      381.000      389.550      397.710
    35:      402.460      433.820      444.020      455.980      462.380
    40:      469.690      480.730      487.560      494.500      501.630
    45:      508.290      516.870      533.630      540.330      545.770
    50:      551.560      561.770      569.550      587.860      592.900
    55:      598.040      603.620      608.170      618.860      624.480
    60:      628.980      636.100      650.040      723.640      729.480
    65:      733.980      739.530      746.010      750.860      766.690
    70:      771.850      780.040      784.120      792.910      797.410
I:
     0:        0.000        0.100       21.780       34.810       43.700
     5:       47.270       51.580       57.100       61.610       65.090
    10:       69.820       74.180       80.530      103.700      137.550
    15:      141.440      166.690      174.120      177.570      204.090
    20:      240.610      259.430      266.710      276.560      285.330
    25:      297.950      304.470      315.000      320.590      333.760
    30:      339.420      349.640      356.260      360.970      365.570
    35:      369.800      373.770      378.360      383.280      391.670
    40:      399.440      404.410      434.900      443.290      456.420
    45:      464.660      471.620      481.840      489.160      496.500
    50:      503.170      510.070      518.000      534.520      542.100
    55:      547.000      552.980      563.890      571.430      587.240
    60:      594.990      599.440      605.340      609.830      620.660
    65:      625.750      630.720      637.810      651.520      725.480
    70:      731.030      736.120      741.510      747.590      753.080
    75:      768.660      773.590      781.020      785.370      794.410
    80:      799.290
Q:
     0:      801.180        0.000        0.000        0.000        0.000
     5:        0.000        0.000        0.000        0.000        0.000
    10:        0.000        0.000        0.000        0.000        0.000
    15:        0.000        0.000        0.000        0.000        0.000
    20:        0.000        0.000        0.000        0.000        0.000
    25:        0.000        0.000        0.000        0.000        0.000
    30:        0.000        0.000        0.000        0.000        0.000
    35:        0.000        0.000        0.000        0.000        0.000
    40:        0.000        0.000        0.000        0.000        0.000
    45:        0.000        0.000        0.000        0.000        0.000
    50:        0.000        0.000        0.000        0.000        0.000
    55:        0.000        0.000        0.000        0.000        0.000
    60:        0.000        0.000        0.000        0.000        0.000
    65:        0.000        0.000        0.000        0.000        0.000
    70:        0.000        0.000        0.000        0.000        0.000
    75:        0.000        0.000        0.000        0.000        0.000
    80:        0.000
V:
     0:        0.000        0.000        0.000        0.000        0.000
     5:        0.000        0.000        0.000        0.000        0.000
    10:        0.000        0.000        0.000        0.000        0.000
    15:        0.000        0.000        0.000        0.000        0.000
    20:        0.000        0.000        0.000        0.000        0.000
    25:        0.000        0.000        0.000        0.000        0.000
    30:        0.000        0.000        0.000        0.000        0.000
    35:        0.000        0.000        0.000        0.000        0.000
    40:        0.000        0.000        0.000        0.000        0.000
    45:        0.000        0.000        0.000        0.000        0.000
    50:        0.000        0.000        0.000        0.000        0.000
    55:        0.000        0.000        0.000        0.000        0.000
    60:        0.000        0.000        0.000        0.000        0.000
    65:        0.000        0.000        0.000        0.000        0.000
    70:        0.000        0.000        0.000        0.000        0.000
    75:        0.000        0.000        0.000        0.000        0.000
    80:        0.000
