File: C:\MED-PC\Data\2025-01-23_13h16m_Subject 6.4.txt


Start Date: 01/23/25
End Date: 01/23/25
Subject: 6.4
Experiment: 5HT
Group: 
Box: 12
Start Time: 13:16:34
End Time: 13:46:39
MSN: 24Jan_IC_MagTrain_10min_plus20min
A:      20.000
C:       0.000
E:       0.000
F:       0.000
G:       0.000
H:       0.000
I:       0.000
J:       0.000
K:      20.000
L:       0.000
M:       0.000
N:  180001.000
O:       0.000
P:       0.000
Q:     306.000
R:       0.000
S:       0.000
T:     306.000
U:       0.000
V:       0.000
W:       0.000
X:       0.000
Y:       0.000
Z:       0.000
B:
     0:        2.630       38.760       61.640       93.140      123.120
     5:      150.990      181.780      211.940      242.850      273.460
    10:      304.750      348.960      362.320      391.950      423.940
    15:      478.540      489.530      512.360      546.540      575.130
D:
     0:        2.640        6.530        6.760        6.970        7.100
     5:       12.740       16.030       18.410       25.840       27.160
    10:       27.210       27.730       29.980       38.770       39.900
    15:       40.500       41.170       41.600       42.040       47.010
    20:       50.320       52.390       54.210       54.940       56.540
    25:       58.750       59.070       60.310       61.650       70.850
    30:       75.570       77.540       77.990       82.390       83.230
    35:       84.280       88.640       88.740       89.880       89.970
    40:       93.150      100.390      104.220      104.920      107.110
    45:      108.760      109.360      111.740      113.780      116.380
    50:      116.410      116.740      117.270      123.130      130.220
    55:      132.000      137.340      138.070      138.510      138.580
    60:      138.660      141.030      142.170      142.490      144.360
    65:      144.420      144.670      145.870      147.990      151.000
    70:      158.530      161.910      164.090      169.760      172.110
    75:      173.030      173.290      178.020      179.940      181.790
    80:      189.470      200.470      202.300      202.790      207.270
    85:      208.130      208.550      209.370      211.950      212.680
    90:      224.820      227.140      231.910      232.580      232.890
    95:      234.880      237.460      242.860      243.410      252.950
   100:      258.340      258.390      260.000      260.880      261.210
   105:      264.230      273.470      280.650      284.710      289.620
   110:      291.860      304.760      312.920      313.600      315.920
   115:      317.740      319.740      348.970      357.620      358.670
   120:      359.490      360.550      362.330      365.370      365.940
   125:      366.930      367.380      368.900      375.410      379.290
   130:      381.530      385.270      388.290      391.960      393.120
   135:      399.380      401.040      403.900      403.990      412.640
   140:      414.900      414.960      423.950      430.620      431.910
   145:      434.480      444.310      478.550      489.540      491.960
   150:      501.470      502.740      503.860      507.970      511.880
   155:      512.370      512.980      517.620      526.450      529.210
   160:      529.970      530.620      532.540      533.810      536.950
   165:      538.610      546.550      552.960      554.350      556.000
   170:      558.940      560.670      560.810      575.140      580.390
   175:      580.420      583.030      584.860      613.340      614.330
   180:      623.750      683.220      684.740      690.260      746.950
   185:      748.710      751.680      752.370      756.260      772.760
   190:      789.040      790.610      792.420      793.530      795.690
   195:      795.910      798.910      803.370      803.540      805.150
   200:      807.440      808.090      812.430      813.670      814.730
   205:      814.910      816.200      817.580      823.950      824.180
   210:      825.700      829.050      832.790      833.070      835.130
   215:      835.560      849.280      849.350      889.010      946.250
   220:      950.580      952.900      976.580     1034.900     1035.570
   225:     1038.370     1059.740     1065.730     1069.520     1070.710
   230:     1074.260     1076.210     1081.650     1083.380     1084.330
   235:     1090.790     1099.840     1099.910     1114.360     1114.630
   240:     1115.810     1117.830     1117.990     1118.580     1119.280
   245:     1121.290     1128.750     1130.160     1130.280     1130.470
   250:     1131.920     1134.970     1139.020     1144.660     1145.730
   255:     1152.030     1158.700     1181.470     1182.430     1182.480
   260:     1193.650     1194.430     1196.340     1198.010     1198.340
   265:     1199.830     1204.760     1210.910     1210.950     1211.460
   270:     1216.830     1217.450     1219.300     1223.530     1227.190
   275:     1238.850     1262.660     1262.710     1263.640     1281.570
   280:     1284.650     1284.790     1288.320     1342.940     1423.040
   285:     1424.060     1425.790     1427.070     1438.580     1464.050
   290:     1498.180     1498.650     1503.300     1503.330     1503.620
   295:     1503.860     1549.760     1550.110     1554.600     1582.560
   300:     1582.700     1710.360     1710.680     1711.620     1715.200
   305:     1774.070
