File: C:\MED-PC\Data\2025-01-24_13h42m_Subject 5.3.txt


Start Date: 01/24/25
End Date: 01/24/25
Subject: 5.3
Experiment: 5HT
Group: 
Box: 7
Start Time: 13:42:08
End Time: 14:19:22
MSN: LD_FR1_LeftLever_30min_40reward_RightLever_30min_40reward
A:      80.000
B:       0.000
C:       0.000
D:      80.000
F:       0.000
G:       0.000
H:       0.000
J:       0.000
K:      40.000
L:      63.000
M:       0.000
N:  222769.000
O:       0.000
P:       0.000
R:       0.000
S:       0.000
T:       0.000
U:       0.000
W:       0.000
X:      40.000
Y:       0.000
Z:       0.000
E:
     0:       24.500       92.360      197.240      214.770      279.670
     5:      329.640      350.880      435.120      473.300      497.510
    10:      519.800      530.640      550.740      558.770      605.640
    15:      630.740      641.150      648.700      659.290      676.090
    20:      688.150      722.510      772.110      778.100      816.040
    25:      831.750      852.600      865.950      882.830      889.850
    30:      898.840      905.650      913.770      919.940      927.060
    35:      934.820      951.440      970.650     1026.840     1083.150
    40:     1320.970     1371.410     1425.840     1449.820     1467.060
    45:     1482.510     1498.530     1552.900     1702.700     1725.870
    50:     1749.680     1787.240     1883.580     1902.440     1912.450
    55:     1921.410     1957.150     2107.170     2121.850     2148.600
    60:     2160.400     2174.710     2217.720
I:
     0:        0.000        0.100       19.600       87.740       91.190
     5:      193.410      214.500      278.950      328.650      352.750
    10:      431.940      469.570      473.140      498.120      517.720
    15:      532.120      551.380      559.150      606.090      631.570
    20:      641.430      650.350      657.960      673.770      683.410
    25:      686.710      690.590      721.760      773.160      780.010
    30:      817.090      833.030      854.460      867.460      882.950
    35:      890.410      898.730      907.030      914.320      921.300
    40:      926.780      933.700      946.990      961.490      971.570
    45:     1023.920     1081.080     1306.540     1371.760     1421.180
    50:     1425.460     1448.400     1464.320     1468.620     1482.670
    55:     1495.140     1499.040     1544.690     1549.450     1554.130
    60:     1698.210     1702.180     1726.220     1739.860     1768.800
    65:     1879.200     1883.480     1896.850     1902.890     1913.140
    70:     1920.280     1939.100     1957.900     2097.340     2119.990
    75:     2141.280     2149.830     2156.360     2176.710     2199.290
    80:     2205.180
Q:
     0:     2227.670        0.000        0.000        0.000        0.000
     5:        0.000        0.000        0.000        0.000        0.000
    10:        0.000        0.000        0.000        0.000        0.000
    15:        0.000        0.000        0.000        0.000        0.000
    20:        0.000        0.000        0.000        0.000        0.000
    25:        0.000        0.000        0.000        0.000        0.000
    30:        0.000        0.000        0.000        0.000        0.000
    35:        0.000        0.000        0.000        0.000        0.000
    40:        0.000        0.000        0.000        0.000        0.000
    45:        0.000        0.000        0.000        0.000        0.000
    50:        0.000        0.000        0.000        0.000        0.000
    55:        0.000        0.000        0.000        0.000        0.000
    60:        0.000        0.000        0.000        0.000        0.000
    65:        0.000        0.000        0.000        0.000        0.000
    70:        0.000        0.000        0.000        0.000        0.000
    75:        0.000        0.000        0.000        0.000        0.000
    80:        0.000
V:
     0:        0.000        0.000        0.000        0.000        0.000
     5:        0.000        0.000        0.000        0.000        0.000
    10:        0.000        0.000        0.000        0.000        0.000
    15:        0.000        0.000        0.000        0.000        0.000
    20:        0.000        0.000        0.000        0.000        0.000
    25:        0.000        0.000        0.000        0.000        0.000
    30:        0.000        0.000        0.000        0.000        0.000
    35:        0.000        0.000        0.000        0.000        0.000
    40:        0.000        0.000        0.000        0.000        0.000
    45:        0.000        0.000        0.000        0.000        0.000
    50:        0.000        0.000        0.000        0.000        0.000
    55:        0.000        0.000        0.000        0.000        0.000
    60:        0.000        0.000        0.000        0.000        0.000
    65:        0.000        0.000        0.000        0.000        0.000
    70:        0.000        0.000        0.000        0.000        0.000
    75:        0.000        0.000        0.000        0.000        0.000
    80:        0.000
