File: C:\MED-PC\Data\2025-02-04_13h33m_Subject 6.1.txt


Start Date: 02/04/25
End Date: 02/04/25
Subject: 6.1
Experiment: 5HT
Group: 
Box: 9
Start Time: 13:33:25
End Time: 13:47:36
MSN: 25_IC_FR1_BothActive_Retract_Omit_60min_80reward
D:      80.000
F:      50.000
G:      30.000
H:       0.000
J:       0.000
K:      50.000
L:      74.000
M:       0.000
N:   84277.000
O:       0.000
R:       0.000
T:       0.000
U:       8.000
W:       1.000
X:      30.000
Y:       0.000
Z:       0.000
A:
     0:        0.000       94.000        1.000        0.000      600.000
     5:      400.000
B:
     0:        0.000       13.000        1.000
C:
     0:        4.000        5.000        6.000
E:
     0:        1.840       10.670       21.330       30.930       35.370
     5:       40.190       44.810       49.530       57.600       65.200
    10:       74.230      101.490      111.820      122.660      138.730
    15:      142.720      148.000      152.470      162.860      171.340
    20:      179.070      186.120      193.850      199.370      207.300
    25:      212.040      217.530      223.070      229.070      233.700
    30:      240.160      250.960      257.080      261.920      268.760
    35:      275.620      286.180      291.150      312.790      321.210
    40:      327.480      332.950      338.240      343.110      364.680
    45:      375.630      391.940      398.310      419.120      445.720
    50:      473.350      478.360      484.200      498.100      502.310
    55:      507.530      514.170      521.310      524.190      532.500
    60:      550.860      604.380      616.770      630.360      657.350
    65:      675.350      712.990      724.670      734.980      752.450
    70:      792.000      803.690      827.610      840.350
I:
     0:        0.000        5.900       14.920       26.520       34.130
     5:       38.770       43.490       48.120       54.850       62.790
    10:       68.500       79.210       93.220      106.190      116.840
    15:      127.490      139.360      146.710      151.290      156.710
    20:      168.120      176.270      184.130      191.200      197.200
    25:      203.760      210.580      216.210      220.820      227.530
    30:      232.100      236.730      245.060      255.950      260.520
    35:      265.990      273.170      281.000      289.410      295.930
    40:      311.050      318.150      326.390      331.820      336.380
    45:      341.690      348.570      361.410      369.080      374.420
    50:      379.870      387.220      395.900      401.540      417.660
    55:      422.330      438.450      451.110      466.230      476.600
    60:      482.610      488.560      501.290      505.750      511.880
    65:      518.210      522.540      529.330      536.750      543.170
    70:      554.810      570.930      586.050      600.170      608.440
    75:      622.090      635.700      641.380      649.170      664.290
    80:      678.380      692.500      699.400      714.520      729.000
    85:      740.290      749.760      755.390      770.510      782.670
    90:      796.790      808.980      824.100      830.840
P:
     0:      306.040      411.650      432.440      461.220      564.920
     5:      581.040      596.160      659.280      688.490      709.510
    10:      765.500      792.780      819.090
Q:
     0:       73.190      100.170      110.820      121.470      137.340
     5:      141.700      147.280      151.700      170.260      178.120
    10:      185.190      193.190      249.940      285.400      312.140
    15:      320.380      326.810      332.370      342.560      355.400
    20:      370.410      382.210      390.890      418.320      472.590
    25:      531.740      537.160      636.370      674.370      695.390
S:
     0:       89.220
V:
     0:        0.890        9.910       20.510       30.120       34.760
     5:       39.480       44.110       48.840       56.780       64.490
    10:      162.110      198.750      206.570      211.200      216.810
    15:      221.520      228.090      232.720      239.050      256.510
    20:      260.980      268.160      274.990      289.920      337.680
    25:      364.070      374.860      397.530      445.100      477.600
    30:      483.550      497.280      501.740      506.870      512.200
    35:      518.530      523.320      549.800      603.430      616.080
    40:      629.690      644.160      723.990      734.280      743.750
    45:      750.380      777.660      802.970      826.830      839.750
