File: C:\MED-PC\Data\2025-02-12_13h54m_Subject 3.1.txt


Start Date: 02/12/25
End Date: 02/12/25
Subject: 3.1
Experiment: 5HT
Group: 
Box: 3
Start Time: 13:54:55
End Time: 14:24:58
MSN: 25_IC_FR1_BothActive_Retract_Omit_60min_140reward
D:     140.000
F:      89.000
G:      51.000
H:       0.000
J:       0.000
K:      89.000
L:     130.000
M:       0.000
N:  179919.000
O:       0.000
R:       0.000
T:       0.000
U:       1.000
W:       1.000
X:      51.000
Y:       0.000
Z:       0.000
A:
     0:        0.000      180.000        3.000        0.000      600.000
     5:      400.000
B:
     0:        0.000       28.000       12.000
C:
     0:        6.000
E:
     0:        1.540        8.130       17.350       25.760       36.180
     5:       51.380       61.540       70.200       77.300       84.440
    10:       91.080       97.630      104.650      111.690      121.260
    15:      144.630      152.550      159.500      166.830      170.690
    20:      177.420      184.070      190.640      197.260      203.880
    25:      210.620      217.630      224.150      230.830      237.200
    30:      244.010      249.080      256.500      266.290      273.230
    35:      283.180      286.980      293.520      301.120      307.560
    40:      314.340      320.960      327.710      334.560      341.100
    45:      347.650      354.590      362.110      368.790      375.590
    50:      382.340      389.310      396.100      402.780      409.600
    55:      416.550      423.830      430.450      440.510      447.340
    60:      454.020      460.560      468.190      475.040      482.080
    65:      488.970      495.430      502.830      512.390      521.470
    70:      528.330      535.140      542.280      548.610      556.400
    75:      564.630      573.990      580.730      591.080      600.840
    80:      607.900      614.810      621.810      638.830      647.550
    85:      656.690      666.960      679.620      686.550      693.270
    90:      700.000      706.980      719.870      728.690      740.070
    95:      746.900      754.790      769.980      775.480      782.170
   100:      795.850      802.530      848.900      858.050      885.300
   105:      894.800      919.430      932.140      944.650      973.640
   110:      986.340      993.270      999.930     1015.910     1055.620
   115:     1150.610     1174.720     1185.130     1276.750     1338.010
   120:     1448.300     1459.930     1511.500     1579.500     1647.390
   125:     1681.810     1690.510     1708.220     1737.820     1798.010
I:
     0:        0.000        6.850       13.510       22.850       31.250
     5:       41.350       56.800       66.950       75.690       82.840
    10:       89.910       96.490      103.060      109.900      115.140
    15:      126.850      140.860      150.270      158.150      164.980
    20:      168.410      176.150      182.940      189.490      196.050
    25:      202.710      209.370      216.010      223.020      229.590
    30:      236.090      242.580      247.500      254.610      261.990
    35:      271.960      278.830      284.810      292.500      299.060
    40:      306.180      312.980      319.820      326.350      333.210
    45:      339.880      346.440      353.270      359.940      367.520
    50:      374.300      381.030      387.740      394.710      401.500
    55:      408.270      415.000      422.000      429.330      435.860
    60:      446.070      452.840      459.500      466.010      473.670
    65:      480.570      487.550      494.420      500.920      508.340
    70:      517.770      526.900      533.820      540.630      547.580
    75:      553.990      561.960      570.180      579.440      586.160
    80:      596.490      606.080      613.240      620.360      627.330
    85:      637.280      644.320      652.880      662.150      672.450
    90:      685.000      692.000      698.730      705.470      712.600
    95:      725.320      734.200      745.480      752.560      760.310
   100:      766.690      773.920      780.910      787.650      801.270
   105:      807.950      824.070      840.190      854.370      863.460
   110:      879.580      890.660      899.700      915.820      924.930
   115:      937.540      950.100      966.220      979.040      991.960
   120:      998.790     1005.480     1012.390     1021.440     1037.560
   125:     1053.680     1061.050     1077.170     1093.290     1109.410
   130:     1125.530     1141.650     1156.120     1166.310     1179.510
   135:     1190.180     1206.300     1222.420     1238.540     1254.660
   140:     1270.780     1282.200     1298.320     1314.440     1330.560
   145:     1343.220     1359.340     1375.460     1391.580     1407.700
   150:     1423.820     1439.940     1453.410     1462.840     1476.850
   155:     1487.920     1501.930     1516.990     1531.000     1545.010
   160:     1559.020     1573.030     1584.050     1598.060     1612.070
   165:     1626.080     1640.090     1652.880     1666.890     1674.890
   170:     1687.120     1695.870     1703.310     1713.550     1729.670
   175:     1743.340     1753.060     1764.940     1772.300     1788.420
P:
     0:      818.060      834.180      873.570      909.810      960.210
     5:     1031.550     1047.670     1071.160     1087.280     1103.400
    10:     1119.520     1135.640     1200.290     1216.410     1232.530
    15:     1248.650     1264.770     1292.310     1308.430     1324.550
    20:     1353.330     1369.450     1385.570     1401.690     1417.810
    25:     1433.930     1723.660     1782.410
Q:
     0:       16.840       25.240      120.830      144.250      152.130
     5:      158.960      166.390      170.140      176.930      248.590
    10:      255.970      265.940      272.810      282.790      286.490
    15:      347.260      368.290      388.700      395.490      408.990
    20:      440.060      488.410      502.330      511.760      534.620
    25:      555.950      614.350      621.320      631.270      646.870
    30:      678.990      692.720      706.590      746.550      754.300
    35:      760.680      767.910      781.640      944.090      985.950
    40:      992.780      999.470     1006.380     1481.900     1510.970
    45:     1578.030     1646.860     1672.870     1689.860     1758.930
    50:     1766.290
S:
     0:      136.860     1472.850     1497.930     1527.000     1541.010
     5:     1555.020     1569.030     1594.060     1608.070     1622.080
    10:     1636.090     1662.890
V:
     0:        0.840        7.500       35.340       50.790       60.940
     5:       69.680       76.830       83.900       90.480       97.050
    10:      103.890      111.130      183.480      190.040      196.700
    15:      203.360      210.000      217.010      223.580      230.080
    20:      236.570      243.490      293.050      300.170      306.970
    25:      313.810      320.340      327.200      333.870      340.430
    30:      353.930      361.510      375.020      381.730      402.260
    35:      415.990      423.320      429.850      446.830      453.490
    40:      460.000      467.660      474.560      481.540      494.910
    45:      520.890      527.810      541.570      547.980      564.170
    50:      573.430      580.150      590.480      600.070      607.230
    55:      638.310      656.140      666.440      685.990      699.460
    60:      719.310      728.190      739.470      774.900      795.260
    65:      801.940      848.360      857.450      884.650      893.690
    70:      918.920      931.530      973.030     1015.430     1055.040
    75:     1150.110     1160.300     1173.500     1184.170     1276.190
    80:     1337.210     1447.400     1458.830     1681.110     1697.300
    85:     1707.540     1737.330     1747.050     1796.170
