File: C:\MED-PC\Data\2025-01-23_13h16m_Subject 2.4.txt


Start Date: 01/23/25
End Date: 01/23/25
Subject: 2.4
Experiment: 5HT
Group: 
Box: 2
Start Time: 13:16:34
End Time: 13:46:39
MSN: 24Jan_IC_MagTrain_10min_plus20min
A:      20.000
C:       0.000
E:       0.000
F:       0.000
G:       0.000
H:       0.000
I:       0.000
J:       0.000
K:      20.000
L:       0.000
M:       0.000
N:  180001.000
O:       0.000
P:       0.000
Q:     168.000
R:       0.000
S:       0.000
T:     168.000
U:       0.000
V:       0.000
W:       0.000
X:       0.000
Y:       0.000
Z:       0.000
B:
     0:       16.310       47.720       71.600       90.970      123.200
     5:      158.900      201.640      220.370      252.590      271.570
    10:      305.630      332.030      387.630      399.880      426.130
    15:      459.130      485.750      515.120      557.380      572.530
D:
     0:       16.320       25.810       26.710       27.930       47.730
     5:       55.990       58.010       71.610       78.230       87.160
    10:       90.980      102.430      109.810      118.240      119.090
    15:      123.210      123.650      131.310      137.730      142.390
    20:      142.800      146.170      148.770      158.910      172.220
    25:      201.650      208.160      208.780      220.380      221.700
    30:      222.600      226.820      227.940      233.790      252.600
    35:      268.670      269.380      270.660      271.580      291.700
    40:      297.330      300.130      305.640      315.110      330.430
    45:      332.040      344.350      350.280      353.760      354.730
    50:      358.420      359.750      387.640      399.890      400.760
    55:      404.180      407.620      412.430      420.180      426.140
    60:      426.290      430.930      431.870      433.840      437.570
    65:      438.620      443.510      446.670      459.140      464.140
    70:      466.180      470.320      473.940      485.760      506.680
    75:      515.130      538.250      540.940      557.390      557.790
    80:      565.780      572.540      581.160      591.650      595.340
    85:      600.130      607.510      615.960      619.440      622.320
    90:      626.120      630.310      631.300      646.240      647.270
    95:      659.870      668.470      680.350      686.810      687.310
   100:      691.300      691.520      712.010      730.760      755.390
   105:      768.070      769.570      770.300      775.250      776.730
   110:      781.270      782.570      782.610      789.430      790.080
   115:      792.080      802.190      806.340      831.190      851.040
   120:      872.970      896.120      932.790      970.640      970.800
   125:     1007.500     1059.290     1074.390     1086.830     1121.830
   130:     1135.230     1165.020     1204.380     1249.270     1256.300
   135:     1256.420     1270.260     1310.310     1318.000     1323.450
   140:     1323.700     1328.950     1340.700     1349.150     1353.790
   145:     1356.680     1360.640     1390.070     1408.240     1456.230
   150:     1462.900     1518.980     1554.770     1561.690     1561.910
   155:     1600.700     1602.500     1657.380     1665.740     1668.410
   160:     1702.400     1702.590     1739.940     1765.930     1766.070
   165:     1766.140     1785.140     1790.680
