File: C:\MED-PC\Data\2025-01-29_12h24m_Subject 1.1.txt


Start Date: 01/29/25
End Date: 01/29/25
Subject: 1.1
Experiment: 
Group: 
Box: 1
Start Time: 12:24:32
End Time: 12:46:56
MSN: LD_FR1_LeftLever_30min_40reward_RightLever_30min_40reward
A:      80.000
B:       0.000
C:       0.000
D:      80.000
F:       0.000
G:       0.000
H:       0.000
J:       0.000
K:      40.000
L:      77.000
M:       0.000
N:   80202.000
O:       0.000
P:       0.000
R:       0.000
S:       0.000
T:       0.000
U:       0.000
W:       0.000
X:      40.000
Y:       0.000
Z:       0.000
E:
     0:        5.730       16.540       23.100       33.980       61.570
     5:       69.660       76.530       84.300       93.490       99.830
    10:      105.570      112.070      119.000      127.070      136.180
    15:      142.630      148.670      154.960      162.500      169.310
    20:      176.910      182.560      210.930      221.680      231.470
    25:      242.870      248.380      253.450      259.300      264.070
    30:      268.860      275.530      287.730      293.350      298.960
    35:      336.170      342.720      347.420      353.200      389.810
    40:      407.890      424.390      430.690      436.600      446.200
    45:      453.580      459.380      467.680      475.750      494.340
    50:      502.560      508.010      513.270      520.190      527.590
    55:      540.110      545.880      550.620      556.690      562.410
    60:      575.570      585.120      630.500      640.670      653.170
    65:      660.790      674.420      682.270      696.340      740.520
    70:      760.870      768.830      774.320      780.870      785.010
    75:      792.240      799.270
I:
     0:        0.000        0.100        7.080       13.240       17.030
     5:       24.370       36.080       62.320       71.250       78.200
    10:       85.050       92.220      101.270      106.790      112.490
    15:      118.680      126.790      138.180      143.210      149.850
    20:      155.550      163.960      170.020      177.970      183.920
    25:      212.010      223.140      233.010      238.300      250.510
    30:      255.370      260.900      265.690      270.270      276.090
    35:      289.360      294.320      299.800      338.120      344.440
    40:      349.260      354.080      391.580      407.960      425.430
    45:      431.250      437.480      447.400      454.830      459.900
    50:      469.050      474.580      495.540      504.180      509.040
    55:      514.650      521.990      528.020      540.800      547.200
    60:      551.480      556.840      563.000      569.540      577.650
    65:      585.830      632.340      642.840      654.620      659.760
    70:      676.260      681.810      697.630      741.630      761.050
    75:      771.120      775.910      781.230      786.750      793.820
    80:      801.120
Q:
     0:      802.000        0.000        0.000        0.000        0.000
     5:        0.000        0.000        0.000        0.000        0.000
    10:        0.000        0.000        0.000        0.000        0.000
    15:        0.000        0.000        0.000        0.000        0.000
    20:        0.000        0.000        0.000        0.000        0.000
    25:        0.000        0.000        0.000        0.000        0.000
    30:        0.000        0.000        0.000        0.000        0.000
    35:        0.000        0.000        0.000        0.000        0.000
    40:        0.000        0.000        0.000        0.000        0.000
    45:        0.000        0.000        0.000        0.000        0.000
    50:        0.000        0.000        0.000        0.000        0.000
    55:        0.000        0.000        0.000        0.000        0.000
    60:        0.000        0.000        0.000        0.000        0.000
    65:        0.000        0.000        0.000        0.000        0.000
    70:        0.000        0.000        0.000        0.000        0.000
    75:        0.000        0.000        0.000        0.000        0.000
    80:        0.000
V:
     0:        0.000        0.000        0.000        0.000        0.000
     5:        0.000        0.000        0.000        0.000        0.000
    10:        0.000        0.000        0.000        0.000        0.000
    15:        0.000        0.000        0.000        0.000        0.000
    20:        0.000        0.000        0.000        0.000        0.000
    25:        0.000        0.000        0.000        0.000        0.000
    30:        0.000        0.000        0.000        0.000        0.000
    35:        0.000        0.000        0.000        0.000        0.000
    40:        0.000        0.000        0.000        0.000        0.000
    45:        0.000        0.000        0.000        0.000        0.000
    50:        0.000        0.000        0.000        0.000        0.000
    55:        0.000        0.000        0.000        0.000        0.000
    60:        0.000        0.000        0.000        0.000        0.000
    65:        0.000        0.000        0.000        0.000        0.000
    70:        0.000        0.000        0.000        0.000        0.000
    75:        0.000        0.000        0.000        0.000        0.000
    80:        0.000
