File: C:\MED-PC\Data\2025-02-03_13h29m_Subject 6.3.txt


Start Date: 02/03/25
End Date: 02/03/25
Subject: 6.3
Experiment: 5HT
Group: 
Box: 11
Start Time: 13:29:17
End Time: 13:44:41
MSN: 25_IC_FR1_BothActive_Retract_Omit_60min_80reward
D:      80.000
F:      51.000
G:      29.000
H:       0.000
J:       0.000
K:      51.000
L:      71.000
M:       0.000
N:   91721.000
O:       0.000
R:       0.000
T:       0.000
U:       4.000
W:       1.000
X:      29.000
Y:       0.000
Z:       0.000
A:
     0:        0.000       97.000        1.000        0.000      400.000
     5:      200.000
B:
     0:        0.000       16.000        1.000
C:
     0:        4.000        5.000        6.000
E:
     0:        4.020       10.760       17.930       26.990       34.540
     5:       41.090       46.810       52.720       58.050       66.050
    10:       74.440       81.070       89.040       95.790      101.590
    15:      108.110      119.300      125.920      134.580      151.830
    20:      162.900      168.180      177.790      185.370      217.120
    25:      228.060      237.090      270.730      280.440      296.140
    30:      303.160      310.570      320.410      327.350      335.670
    35:      358.400      365.330      380.880      407.410      420.750
    40:      426.260      431.370      437.280      443.680      453.810
    45:      464.450      471.080      482.080      497.310      505.480
    50:      511.400      543.700      554.510      591.190      597.140
    55:      601.570      608.110      623.790      660.050      671.580
    60:      680.270      701.560      737.000      757.870      766.280
    65:      796.770      804.010      811.710      844.960      886.100
    70:      904.210
I:
     0:        0.000        7.480       13.670       21.570       30.770
     5:       36.830       45.170       50.850       55.550       62.770
    10:       69.460       79.520       86.200       92.760       98.460
    15:      106.510      108.960      121.610      128.670      137.300
    20:      147.310      159.320      162.500      171.760      180.070
    25:      188.040      193.670      208.790      220.180      231.490
    30:      239.280      245.360      260.480      276.600      285.490
    35:      301.320      306.970      312.970      325.510      331.030
    40:      339.650      354.770      363.450      369.990      383.240
    45:      397.360      410.440      424.700      429.250      435.020
    50:      440.840      447.810      458.160      466.020      474.220
    55:      480.700      486.310      497.070      506.370      515.950
    60:      523.550      537.670      551.790      558.560      574.680
    65:      589.800      595.370      600.230      605.680      612.600
    70:      618.660      632.980      649.100      665.220      670.780
    75:      684.870      690.430      705.450      721.570      735.680
    80:      751.800      762.860      769.990      784.110      798.570
    85:      805.830      815.920      831.040      840.010      845.820
    90:      854.250      864.950      879.070      890.890      897.360
    95:      907.140      911.640
P:
     0:      203.780      255.470      270.590      349.760      393.350
     5:      533.660      547.780      568.670      584.790      643.090
    10:      659.210      715.560      745.790      780.100      826.030
    15:      875.060
Q:
     0:       25.760       40.160      117.590      124.650      133.280
     5:      143.290      160.480      174.060      188.660      226.480
    10:      241.350      301.960      319.500      334.640      363.980
    15:      379.230      462.010      492.060      509.940      517.540
    20:      678.860      699.440      756.850      764.980      793.560
    25:      809.910      834.000      840.810      884.880
S:
     0:      157.320
V:
     0:        2.470        9.660       16.560       32.820       45.840
     5:       51.540       56.760       64.450       73.510       80.190
    10:       87.750       94.450      100.500      106.950      165.750
    15:      183.030      216.170      233.270      279.480      295.310
    20:      308.960      326.020      357.440      406.430      419.690
    25:      425.240      430.010      435.830      441.800      452.150
    30:      468.210      474.690      481.300      502.360      553.550
    35:      590.360      596.220      600.670      606.590      613.650
    40:      626.970      665.770      685.420      730.670      800.820
    45:      849.240      860.940      891.350      903.130      907.630
    50:      914.190
