File: C:\MED-PC\Data\2025-02-06_13h34m_Subject 3.2.txt


Start Date: 02/06/25
End Date: 02/06/25
Subject: 3.2
Experiment: 5HT
Group: 
Box: 4
Start Time: 13:34:23
End Time: 14:00:45
MSN: 25_IC_FR1_BothActive_Retract_Omit_60min_140reward
D:     140.000
F:      52.000
G:      88.000
H:       4.000
J:       0.000
K:      52.000
L:     138.000
M:       0.000
N:  157583.000
O:       0.000
R:       0.000
T:       0.000
U:       0.000
W:       1.000
X:      88.000
Y:       0.000
Z:       0.000
A:
     0:        0.000      163.000        0.000        1.000      600.000
     5:      400.000
B:
     0:        0.000       10.000       13.000
C:
     0:        6.000
E:
     0:        4.700       11.560       18.270       27.340       33.840
     5:       41.300       49.230       57.210       63.660       70.570
    10:       78.370       86.560       97.690      105.780      112.330
    15:      120.640      127.110      134.040      141.200      152.810
    20:      163.360      170.680      177.250      184.630      191.560
    25:      198.180      206.230      213.360      219.810      226.710
    30:      238.510      245.950      257.460      263.830      271.950
    35:      278.700      285.960      292.620      302.400      311.940
    40:      319.320      328.480      335.430      342.010      349.010
    45:      356.520      364.240      372.020      378.590      389.030
    50:      398.820      407.680      414.550      422.520      433.310
    55:      442.700      449.820      459.030      465.770      472.420
    60:      480.150      487.620      494.650      503.870      510.760
    65:      520.390      527.360      538.600      547.320      555.120
    70:      561.370      573.790      582.490      591.850      601.350
    75:      610.150      616.910      623.980      630.530      637.130
    80:      644.090      651.530      658.900      665.410      672.500
    85:      688.230      719.990      732.700      747.200      753.510
    90:      782.170      809.720      816.140      824.070      847.500
    95:      863.680      871.460      881.140      894.700      923.530
   100:      945.350      952.220      985.290      988.310     1000.560
   105:     1014.690     1021.320     1029.720     1037.900     1056.270
   110:     1136.760     1160.540     1246.840     1276.430     1279.920
   115:     1286.910     1295.430     1304.710     1316.280     1328.170
   120:     1344.120     1351.020     1358.940     1369.450     1378.670
   125:     1386.540     1397.620     1405.580     1419.260     1430.620
   130:     1441.590     1448.480     1477.880     1481.350     1506.750
   135:     1519.810     1527.300     1573.410
I:
     0:        0.000        9.970       17.030       23.720       32.760
     5:       39.390       46.670       54.700       61.390       69.070
    10:       76.040       83.640       91.950      103.060      111.260
    15:      117.840      126.120      132.680      139.170      146.730
    20:      158.360      168.870      176.260      182.850      190.130
    25:      196.980      203.810      211.650      218.790      225.290
    30:      232.310      244.010      251.520      262.950      269.440
    35:      277.550      284.320      291.510      298.020      307.830
    40:      317.500      324.870      333.960      341.000      347.490
    45:      354.510      362.100      369.750      377.610      384.200
    50:      394.590      404.340      413.140      419.850      428.090
    55:      438.800      448.210      455.290      464.590      471.280
    60:      477.760      485.710      493.240      500.190      509.410
    65:      516.070      525.970      532.790      544.240      552.920
    70:      560.300      566.900      578.870      588.010      596.950
    75:      606.980      615.630      622.390      629.570      636.130
    80:      642.800      649.470      656.910      664.090      670.910
    85:      678.180      693.590      709.710      725.470      738.250
    90:      751.890      758.710      774.830      787.640      803.760
    95:      815.190      821.690      829.180      845.300      853.080
   100:      869.160      876.350      886.020      899.770      915.890
   105:      928.030      944.150      950.870      957.580      973.700
   110:      986.390      993.850     1004.520     1020.150     1026.720
   115:     1035.010     1040.280     1054.290     1061.900     1075.910
   120:     1089.920     1103.930     1117.940     1131.950     1142.290
   125:     1156.300     1166.000     1180.010     1194.020     1208.030
   130:     1222.040     1236.050     1252.040     1266.050     1277.190
   135:     1285.390     1292.230     1300.880     1310.030     1321.840
   140:     1333.700     1349.550     1356.550     1364.540     1375.070
   145:     1384.290     1391.920     1403.180     1411.250     1424.710
   150:     1436.100     1447.120     1453.700     1463.720     1479.840
   155:     1486.470     1495.610     1511.730     1525.330     1532.730
   160:     1544.380     1552.740     1568.860
P:
     0:      703.700      768.820      797.750      839.290      909.880
     5:      938.140      967.690     1473.830     1505.720     1562.850
Q:
     0:       70.030       77.630       97.050      105.250      111.830
     5:      120.110      126.670      133.160      140.720      152.350
    10:      162.860      176.840      184.120      190.970      197.800
    15:      205.640      212.780      219.280      226.300      238.000
    20:      256.940      263.430      285.500      292.010      301.820
    25:      311.490      318.860      341.480      348.500      378.190
    30:      398.330      413.840      422.080      449.280      465.270
    35:      494.180      503.400      526.780      572.860      582.000
    40:      590.940      616.380      623.560      630.120      636.790
    45:      650.900      658.080      664.900      672.170      732.240
    50:      745.880      752.700      809.180      815.680      847.070
    55:      863.150      870.340      880.010      922.020      944.860
    60:      951.570      980.380      987.840      998.510     1014.140
    65:     1020.710     1029.000     1036.270     1279.380     1286.220
    70:     1294.870     1304.020     1315.830     1343.540     1350.540
    75:     1397.170     1405.240     1418.700     1430.090     1441.110
    80:     1447.690     1457.710     1480.460     1489.600     1526.720
    85:     1538.370     1546.730     1572.810
S:
     0:     1050.290     1071.910     1085.920     1099.930     1113.940
     5:     1127.950     1152.300     1176.010     1190.020     1204.030
    10:     1218.040     1232.050     1262.050
V:
     0:        3.960       11.020       17.710       26.750       33.380
     5:       40.660       48.690       55.380       63.060       85.940
    10:      170.250      245.510      271.540      278.310      327.950
    15:      334.990      356.090      363.740      371.600      388.580
    20:      407.130      432.790      442.200      458.580      471.750
    25:      479.700      487.230      510.060      519.960      538.230
    30:      546.910      554.290      560.890      600.970      609.620
    35:      643.460      687.580      719.460      781.630      823.170
    40:      893.760     1055.880     1136.270     1159.980     1246.020
    45:     1275.170     1327.690     1358.530     1369.060     1378.280
    50:     1385.910     1519.320
