File: C:\MED-PC\Data\2025-02-06_13h34m_Subject 5.4.txt


Start Date: 02/06/25
End Date: 02/06/25
Subject: 5.4
Experiment: 5HT
Group: 
Box: 8
Start Time: 13:34:23
End Time: 14:02:48
MSN: 25_IC_FR1_BothActive_Retract_Omit_60min_140reward
D:     140.000
F:      64.000
G:      76.000
H:       2.000
J:       0.000
K:      64.000
L:     140.000
M:       0.000
N:  169905.000
O:       0.000
R:       0.000
T:       0.000
U:       0.000
W:       1.000
X:      76.000
Y:       0.000
Z:       0.000
A:
     0:        0.000      180.000        1.000        5.000      600.000
     5:      400.000
B:
     0:        0.000       23.000       17.000
C:
     0:        6.000
E:
     0:       17.920       24.440       31.510       40.300       48.660
     5:       56.580       63.250       70.670       80.340       89.390
    10:       96.990      106.150      112.980      148.370      197.010
    15:      211.650      218.900      227.690      233.580      240.410
    20:      247.180      254.130      260.960      267.480      274.590
    25:      281.760      288.660      295.470      318.860      325.980
    30:      332.030      339.110      346.100      349.650      357.520
    35:      364.870      371.780      378.920      385.830      392.570
    40:      399.890      408.940      413.890      420.680      426.940
    45:      446.790      456.160      491.450      504.860      511.690
    50:      515.430      522.750      529.970      537.200      544.980
    55:      551.940      558.910      566.470      573.020      580.300
    60:      587.760      597.360      616.300      622.930      643.660
    65:      664.340      671.320      676.330      683.630      690.550
    70:      697.540      704.370      711.480      718.440      725.400
    75:      732.350      739.370      746.760      767.150      792.770
    80:      820.880      827.410      834.120      838.190      851.090
    85:      855.950      862.560      875.130      898.140      904.920
    90:      911.650      918.760      925.880      932.820      939.750
    95:      946.460      953.490      960.820      979.420      986.410
   100:     1001.900     1013.760     1040.820     1048.080     1054.820
   105:     1062.800     1070.350     1077.410     1084.500     1091.630
   110:     1098.680     1124.940     1141.700     1149.240     1156.240
   115:     1163.290     1170.020     1194.630     1204.240     1243.590
   120:     1250.770     1257.570     1264.410     1295.180     1302.800
   125:     1312.700     1337.200     1362.670     1430.830     1434.620
   130:     1492.760     1502.950     1509.720     1518.530     1556.540
   135:     1571.680     1584.630     1682.870     1689.850     1696.690
I:
     0:        0.000       16.120       23.260       29.860       36.730
     5:       45.620       53.940       61.820       68.590       75.950
    10:       85.570       94.620      102.300      111.470      116.370
    15:      130.380      144.390      153.470      167.480      181.490
    20:      195.500      202.330      216.940      224.180      228.920
    25:      238.800      245.700      252.530      259.420      266.220
    30:      272.750      279.920      287.110      293.990      298.820
    35:      312.830      324.180      330.700      337.430      344.520
    40:      347.420      354.990      362.900      370.150      377.120
    45:      384.190      391.050      397.890      405.140      412.280
    50:      419.250      425.870      430.200      444.210      452.170
    55:      461.470      475.480      489.490      496.820      510.130
    60:      513.050      520.690      527.980      535.230      542.530
    65:      550.230      557.160      564.180      571.250      578.300
    70:      585.580      592.970      600.480      614.490      621.680
    75:      628.340      642.350      649.020      663.030      669.750
    80:      672.720      681.590      688.900      695.750      702.750
    85:      709.700      716.730      723.660      730.670      737.600
    90:      744.650      749.980      763.990      772.430      786.440
    95:      797.890      811.900      826.250      832.730      835.520
   100:      843.520      850.900      861.130      867.670      880.480
   105:      896.600      903.440      910.190      916.970      924.090
   110:      931.150      938.110      945.040      951.720      958.790
   115:      964.030      978.040      984.810      991.820     1007.230
   120:     1018.880     1032.890     1042.250     1053.490     1060.210
   125:     1068.150     1075.600     1082.770     1089.780     1096.840
   130:     1103.920     1119.290     1135.410     1147.100     1154.490
   135:     1161.490     1168.520     1175.280     1186.370     1202.490
   140:     1209.680     1225.800     1241.920     1249.000     1256.020
   145:     1262.800     1269.710     1285.830     1300.400     1307.910
   150:     1318.040     1334.160     1341.840     1357.960     1367.880
   155:     1384.000     1400.120     1416.240     1425.230     1438.900
   160:     1455.020     1471.140     1484.910     1501.030     1508.250
   165:     1515.050     1522.330     1538.450     1554.570     1561.890
   170:     1577.110     1585.020     1601.140     1617.260     1633.380
   175:     1649.500     1665.620     1681.740     1688.280     1695.190
P:
     0:       10.110      890.590     1129.400     1196.480     1219.790
     5:     1235.910     1279.820     1328.150     1351.950     1377.990
    10:     1394.110     1410.230     1449.010     1465.130     1495.020
    15:     1532.440     1548.560     1595.130     1611.250     1627.370
    20:     1643.490     1659.610     1675.730
Q:
     0:       30.720      147.450      196.310      210.920      218.160
     5:      226.900      232.790      239.690      246.520      253.410
    10:      260.210      266.740      273.910      281.100      287.980
    15:      294.810      364.140      371.110      378.180      385.040
    20:      391.880      399.130      406.270      413.240      419.860
    25:      426.190      529.220      536.520      544.220      551.150
    30:      558.170      565.240      572.290      579.570      586.960
    35:      596.470      682.890      689.740      696.740      703.690
    40:      710.720      717.650      724.660      731.590      738.640
    45:      745.970      897.430      904.180      910.960      918.080
    50:      925.140      932.100      939.030      945.710      952.780
    55:      960.020     1069.590     1076.760     1083.770     1090.830
    60:     1097.910     1148.480     1155.480     1162.510     1169.270
    65:     1250.010     1256.790     1263.700     1294.390     1361.870
    70:     1432.890     1502.240     1509.040     1516.320     1689.180
    75:     1696.030
S:
     0:      126.380      140.390      163.480      177.490      191.500
     5:      308.830      440.210      471.480      485.490      610.490
    10:      638.350      659.030      759.990      782.440      807.900
    15:      974.040     1028.890
V:
     0:       17.250       23.850       39.610       47.930       55.810
     5:       62.580       69.940       79.560       88.610       96.290
    10:      105.460      112.360      318.160      324.680      331.410
    15:      338.500      345.400      348.980      356.890      446.150
    20:      455.450      490.800      504.110      511.030      514.680
    25:      521.970      615.660      622.320      643.000      663.730
    30:      670.700      675.580      766.410      791.870      820.230
    35:      826.710      833.500      837.510      844.890      855.120
    40:      861.660      874.470      978.790      985.800     1001.210
    45:     1012.860     1040.230     1047.480     1054.200     1062.140
    50:     1113.280     1141.090     1180.360     1203.670     1242.990
    55:     1301.900     1312.030     1335.830     1419.220     1478.900
    60:     1555.880     1571.100     1579.010     1682.270
