File: C:\MED-PC\Data\2025-02-14_11h20m_Subject 5.1.txt


Start Date: 02/14/25
End Date: 02/14/25
Subject: 5.1
Experiment: 5HT
Group: 
Box: 11
Start Time: 11:20:13
End Time: 12:00:18
MSN: 25_IC_FR1_BothActive_Retract_Omit_60min_140reward
D:     140.000
F:      46.000
G:      94.000
H:       3.000
J:       0.000
K:      46.000
L:     126.000
M:       0.000
N:  239939.000
O:       0.000
R:       0.000
T:       0.000
U:       0.000
W:       1.000
X:      94.000
Y:       0.000
Z:       0.000
A:
     0:        0.000      211.000        0.000        5.000      600.000
     5:      400.000
B:
     0:        0.000       40.000       31.000
C:
     0:        6.000
E:
     0:        1.620       10.630       21.680       28.240       38.080
     5:       45.230       52.220       62.010       69.580       76.980
    10:       85.820       94.040      109.200      118.930      128.350
    15:      133.530      140.750      147.850      154.810      161.990
    20:      168.580      175.480      182.100      192.080      198.640
    25:      205.660      213.170      219.780      226.370      232.760
    30:      239.910      247.860      254.770      262.220      268.670
    35:      277.220      284.940      291.460      298.950      306.300
    40:      316.670      326.300      331.070      341.940      354.430
    45:      367.220      378.470      382.010      388.730      396.660
    50:      403.210      410.310      416.580      424.750      432.020
    55:      439.010      451.920      459.560      466.020      473.430
    60:      480.280      492.930      500.180      509.150      522.270
    65:      531.110      547.480      549.890      562.860      577.840
    70:      591.540      604.430      614.820      622.980      656.870
    75:      683.590      697.930      713.540      725.080      728.560
    80:      770.420      796.220      805.120      823.810      842.540
    85:      853.320      866.470      893.670      909.220      936.020
    90:      960.640      982.790     1025.350     1048.050     1074.920
    95:     1088.730     1097.350     1126.290     1156.970     1172.850
   100:     1213.060     1249.640     1264.760     1316.260     1339.960
   105:     1375.040     1432.600     1478.180     1541.120     1574.150
   110:     1588.110     1635.120     1675.400     1774.670     1813.660
   115:     1845.270     1904.940     1937.330     1984.870     2027.920
   120:     2181.940     2282.270     2334.460     2363.100     2382.030
   125:     2397.080
I:
     0:        0.000        7.080       16.190       27.180       33.720
     5:       43.630       50.710       57.730       67.590       75.070
    10:       80.380       91.430       99.700      114.830      124.400
    15:      129.740      139.020      146.160      153.440      160.290
    20:      167.450      174.120      181.000      187.660      197.540
    25:      204.160      211.190      218.300      225.120      231.870
    30:      238.200      245.370      253.410      260.200      267.670
    35:      274.220      282.700      289.270      296.960      304.460
    40:      311.710      322.200      329.770      336.680      347.320
    45:      359.890      372.700      379.910      387.460      394.080
    50:      402.120      408.700      415.340      422.080      430.180
    55:      437.480      444.470      456.970      465.020      471.630
    60:      478.950      485.760      498.360      505.580      514.790
    65:      527.740      536.450      547.920      555.140      568.300
    70:      583.160      596.870      609.820      620.080      626.320
    75:      640.110      654.120      668.130      682.140      689.210
    80:      703.470      719.150      726.550      733.870      749.990
    85:      766.110      775.870      791.990      801.660      810.390
    90:      817.380      832.290      848.410      858.890      871.860
    95:      887.980      899.110      914.660      930.780      941.380
   100:      957.500      966.090      976.750      991.840     1007.960
   105:     1024.080     1040.200     1053.400     1069.520     1080.440
   110:     1094.120     1102.180     1118.300     1131.640     1147.760
   115:     1162.320     1177.870     1193.990     1210.110     1217.940
   120:     1229.970     1238.230     1246.460     1258.160     1274.280
   125:     1290.400     1306.520     1321.490     1332.840     1348.960
   130:     1358.730     1369.840     1385.960     1402.080     1418.200
   135:     1424.980     1441.100     1448.490     1455.310     1464.640
   140:     1480.760     1496.300     1512.420     1524.720     1540.840
   145:     1554.240     1570.360     1586.480     1591.420     1598.760
   150:     1612.770     1626.780     1640.790     1647.450     1661.460
   155:     1675.470     1689.480     1703.490     1717.500     1731.510
   160:     1745.520     1759.530     1773.540     1780.060     1791.070
   165:     1805.080     1819.090     1833.100     1837.030     1850.590
   170:     1866.710     1882.830     1898.950     1910.240     1926.110
   175:     1942.230     1956.430     1972.550     1988.670     2004.790
   180:     2020.910     2033.100     2049.220     2065.340     2081.460
   185:     2097.580     2109.410     2117.600     2126.190     2132.520
   190:     2141.600     2155.610     2170.180     2184.190     2198.200
   195:     2212.210     2226.220     2240.230     2254.240     2268.070
   200:     2282.080     2296.090     2302.590     2316.600     2330.610
   205:     2344.620     2358.630     2366.990     2372.550     2386.020
   210:     2394.260
P:
     0:      743.980      760.100      785.980      842.400      881.970
     5:      924.770      951.490     1001.950     1018.070     1034.190
    10:     1063.510     1112.290     1141.750     1187.980     1204.100
    15:     1268.270     1284.390     1300.510     1342.950     1379.950
    20:     1396.070     1412.190     1435.090     1474.750     1506.410
    25:     1534.830     1564.350     1580.470     1860.700     1876.820
    30:     1892.940     1936.220     1966.540     1982.660     1998.780
    35:     2014.900     2043.210     2059.330     2075.450     2091.570
Q:
     0:        1.070       10.180       21.170       27.710       37.620
     5:       44.700       51.720       61.580       69.060       76.370
    10:      140.150      161.440      174.990      191.530      198.150
    15:      205.180      212.290      219.110      239.360      254.190
    20:      261.660      268.210      276.690      283.260      290.950
    25:      298.450      305.700      316.190      325.760      388.070
    30:      396.110      409.330      431.470      438.460      459.010
    35:      472.940      479.750      499.570      521.730      530.440
    40:      541.910      549.130      562.290      577.150      590.860
    45:      603.810      614.070      622.310      727.860      769.860
    50:      795.650      804.380      811.370      826.280      865.850
    55:      893.100      908.650      935.370      960.080      970.740
    60:     1047.390     1088.110     1125.630     1156.310     1171.860
    65:     1211.930     1223.960     1232.220     1240.450     1252.150
    70:     1315.480     1352.720     1363.830     1418.970     1442.480
    75:     1449.300     1458.630     1490.290     1518.710     1548.230
    80:     1587.410     1844.580     1904.230     1920.100     1950.420
    85:     2027.090     2103.400     2111.590     2120.180     2126.510
    90:     2137.590     2380.010     2388.250     2396.370
S:
     0:      650.120      664.130      678.140     1608.770     1622.780
     5:     1636.790     1657.460     1671.470     1685.480     1699.490
    10:     1713.500     1727.510     1741.520     1755.530     1769.540
    15:     1801.080     1815.090     1829.100     2151.610     2180.190
    20:     2194.200     2208.210     2222.220     2236.230     2250.240
    25:     2278.080     2292.090     2312.600     2326.610     2340.620
    30:     2354.630
V:
     0:       85.410       93.680      108.810      118.380      127.720
     5:      133.010      147.430      154.280      168.110      181.650
    10:      225.860      232.190      247.400      330.660      341.300
    15:      353.870      366.680      377.890      381.450      402.690
    20:      416.070      424.170      450.960      465.620      492.350
    25:      508.780      634.090      683.190      697.450      713.130
    30:      724.530      852.880      985.830     1074.430     1096.170
    35:     1326.830     1592.740     1641.430     1774.040     1785.050
    40:     1835.010     2164.160     2262.050     2296.570     2360.970
    45:     2370.530
