File: C:\MED-PC\Data\2025-02-03_12h41m_Subject 4.3.txt


Start Date: 02/03/25
End Date: 02/03/25
Subject: 4.3
Experiment: 5HT
Group: 
Box: 9
Start Time: 12:41:58
End Time: 12:52:02
MSN: 25_IC_FR1_BothActive_Retract_Omit_60min_80reward
D:      80.000
F:      48.000
G:      32.000
H:       0.000
J:       0.000
K:      48.000
L:      80.000
M:       0.000
N:   59687.000
O:       0.000
R:       0.000
T:       0.000
U:       1.000
W:       1.000
X:      32.000
Y:       0.000
Z:       0.000
A:
     0:        0.000       83.000        1.000        0.000      600.000
     5:      400.000
B:
     0:        0.000        2.000        1.000
C:
     0:        4.000        5.000        6.000
E:
     0:        3.110        9.580       15.560       19.680       30.340
     5:       54.830       61.730       66.860       75.450       82.010
    10:       92.540      101.170      108.410      115.030      120.780
    15:      126.240      133.980      140.410      146.330      152.750
    20:      161.890      168.320      192.920      206.550      217.960
    25:      222.240      227.990      234.840      240.400      247.740
    30:      253.690      259.650      265.800      271.620      278.120
    35:      286.580      292.320      298.120      303.430      309.490
    40:      316.610      324.290      331.990      339.240      347.510
    45:      352.620      359.310      369.800      374.430      385.490
    50:      391.760      398.410      404.940      411.100      417.550
    55:      422.200      428.110      433.670      437.490      444.750
    60:      453.040      457.840      464.450      471.020      477.940
    65:      482.540      491.170      514.180      521.590      529.650
    70:      535.000      541.040      546.760      554.320      560.030
    75:      566.240      572.900      578.600      587.040      594.520
I:
     0:        0.000        6.090       12.260       17.030       22.560
     5:       33.590       49.710       59.250       64.980       71.770
    10:       80.590       87.140       97.880      104.490      112.530
    15:      119.490      125.170      131.800      137.360      143.810
    20:      150.450      156.010      167.230      173.680      187.690
    25:      197.860      211.680      218.640      226.250      233.050
    30:      238.070      245.220      251.710      257.770      264.340
    35:      269.100      275.910      283.440      290.920      296.620
    40:      301.190      307.660      313.820      321.410      328.540
    45:      337.250      342.330      350.760      357.810      362.480
    50:      373.020      379.620      388.830      396.830      403.750
    55:      408.290      415.920      420.770      425.540      431.390
    60:      436.150      442.710      448.070      456.260      461.960
    65:      467.840      475.100      481.220      485.950      495.830
    70:      511.950      519.540      526.910      533.060      539.390
    75:      545.500      552.130      558.760      564.390      571.610
    80:      576.270      584.010      592.330
P:
     0:       43.700      505.940
Q:
     0:        1.080        7.250       13.020       17.550       28.580
     5:       74.580       81.130      161.210      167.660      191.840
    10:      205.660      216.620      227.040      245.700      277.430
    15:      308.810      331.240      346.750      390.820      397.740
    20:      404.280      409.910      427.380      444.060      470.090
    25:      477.210      520.900      529.050      540.490      553.750
    30:      565.600      586.320
S:
     0:      183.690
V:
     0:       53.240       60.970       65.760       91.870      100.480
     5:      107.520      114.480      120.160      125.790      133.350
    10:      139.800      145.440      152.000      221.240      234.060
    15:      239.210      252.760      258.330      265.090      270.900
    20:      285.910      291.610      297.180      302.650      315.400
    25:      323.530      338.320      351.800      358.470      369.010
    30:      373.610      384.820      416.760      421.530      432.140
    35:      436.700      452.250      456.950      463.830      481.940
    40:      489.820      513.530      534.380      546.120      559.380
    45:      572.260      578.000      593.850
