File: C:\MED-PC\Data\2025-01-28_12h33m_Subject 1.4.txt


Start Date: 01/28/25
End Date: 01/28/25
Subject: 1.4
Experiment: 5HT
Group: 
Box: 4
Start Time: 12:33:00
End Time: 13:17:59
MSN: LD_FR1_LeftLever_30min_40reward_RightLever_30min_40reward
A:      80.000
B:       0.000
C:       0.000
D:      80.000
F:       0.000
G:       0.000
H:       0.000
J:       0.000
K:      40.000
L:      68.000
M:       0.000
N:  269247.000
O:       0.000
P:       0.000
R:       0.000
S:       0.000
T:       0.000
U:       0.000
W:       0.000
X:      40.000
Y:       0.000
Z:       0.000
E:
     0:        8.070       92.640      104.810      152.630      304.510
     5:      352.020      413.260      532.170      549.640      564.250
    10:      578.670      594.210      605.410      675.110      689.350
    15:      705.140      817.590      829.710      940.730      957.370
    20:      978.960      990.270     1005.090     1045.740     1063.290
    25:     1093.250     1103.980     1120.530     1132.650     1178.300
    30:     1190.320     1224.440     1292.870     1503.310     1552.600
    35:     1568.810     1617.120     1641.100     1681.150     1723.420
    40:     1793.920     1839.630     1857.870     1930.030     1988.820
    45:     2000.930     2014.620     2071.740     2129.270     2142.240
    50:     2188.570     2212.890     2315.970     2351.510     2382.940
    55:     2390.550     2429.380     2465.830     2489.950     2507.770
    60:     2521.160     2532.300     2541.170     2575.380     2618.930
    65:     2639.140     2650.800     2667.870
I:
     0:        0.000        0.100        7.070       85.310      104.950
     5:      151.070      154.310      304.500      337.100      351.390
    10:      405.960      533.710      548.560      555.130      572.630
    15:      588.040      595.290      599.990      607.240      670.350
    20:      688.490      705.460      710.880      724.810      735.800
    25:      785.220      815.530      830.960      940.200      958.470
    30:      981.310      988.710     1001.000     1048.300     1058.230
    35:     1086.510     1105.010     1117.270     1133.100     1180.330
    40:     1191.940     1225.430     1290.750     1495.730     1550.490
    45:     1570.050     1611.420     1643.080     1683.060     1721.170
    50:     1795.810     1837.510     1841.900     1859.710     1932.060
    55:     1991.240     2003.260     2016.090     2074.100     2131.720
    60:     2144.400     2188.640     2214.920     2317.840     2341.250
    65:     2350.560     2382.090     2391.460     2431.270     2467.080
    70:     2491.510     2509.080     2516.000     2523.330     2534.780
    75:     2543.760     2577.590     2619.710     2640.900     2653.230
    80:     2664.410
Q:
     0:     2692.450        0.000        0.000        0.000        0.000
     5:        0.000        0.000        0.000        0.000        0.000
    10:        0.000        0.000        0.000        0.000        0.000
    15:        0.000        0.000        0.000        0.000        0.000
    20:        0.000        0.000        0.000        0.000        0.000
    25:        0.000        0.000        0.000        0.000        0.000
    30:        0.000        0.000        0.000        0.000        0.000
    35:        0.000        0.000        0.000        0.000        0.000
    40:        0.000        0.000        0.000        0.000        0.000
    45:        0.000        0.000        0.000        0.000        0.000
    50:        0.000        0.000        0.000        0.000        0.000
    55:        0.000        0.000        0.000        0.000        0.000
    60:        0.000        0.000        0.000        0.000        0.000
    65:        0.000        0.000        0.000        0.000        0.000
    70:        0.000        0.000        0.000        0.000        0.000
    75:        0.000        0.000        0.000        0.000        0.000
    80:        0.000
V:
     0:        0.000        0.000        0.000        0.000        0.000
     5:        0.000        0.000        0.000        0.000        0.000
    10:        0.000        0.000        0.000        0.000        0.000
    15:        0.000        0.000        0.000        0.000        0.000
    20:        0.000        0.000        0.000        0.000        0.000
    25:        0.000        0.000        0.000        0.000        0.000
    30:        0.000        0.000        0.000        0.000        0.000
    35:        0.000        0.000        0.000        0.000        0.000
    40:        0.000        0.000        0.000        0.000        0.000
    45:        0.000        0.000        0.000        0.000        0.000
    50:        0.000        0.000        0.000        0.000        0.000
    55:        0.000        0.000        0.000        0.000        0.000
    60:        0.000        0.000        0.000        0.000        0.000
    65:        0.000        0.000        0.000        0.000        0.000
    70:        0.000        0.000        0.000        0.000        0.000
    75:        0.000        0.000        0.000        0.000        0.000
    80:        0.000
