File: C:\MED-PC\Data\2025-01-28_13h36m_Subject 2.4.txt


Start Date: 01/28/25
End Date: 01/28/25
Subject: 2.4
Experiment: 5HT
Group: 
Box: 2
Start Time: 13:36:32
End Time: 13:51:15
MSN: LD_FR1_LeftLever_30min_40reward_RightLever_30min_40reward
A:      80.000
B:       0.000
C:       0.000
D:      80.000
F:       0.000
G:       0.000
H:       0.000
J:       0.000
K:      40.000
L:      78.000
M:       0.000
N:   87568.000
O:       0.000
P:       0.000
R:       0.000
S:       0.000
T:       0.000
U:       0.000
W:       0.000
X:      40.000
Y:       0.000
Z:       0.000
E:
     0:       16.930       39.300       63.580       78.030       85.950
     5:       94.150      101.110      110.750      116.290      122.380
    10:      128.800      135.000      139.690      145.650      157.210
    15:      165.810      171.730      183.100      187.760      203.890
    20:      209.030      218.700      235.320      239.660      245.540
    25:      253.290      283.750      288.530      292.650      297.250
    30:      301.660      311.550      348.300      357.590      363.090
    35:      368.090      373.820      379.380      385.420      395.420
    40:      428.480      443.280      451.180      455.510      460.190
    45:      488.280      492.880      498.290      502.720      507.840
    50:      512.290      517.020      521.720      526.780      535.760
    55:      541.390      546.470      555.440      571.330      596.540
    60:      626.810      634.800      642.240      650.020      659.450
    65:      665.760      673.860      679.350      686.030      691.150
    70:      697.050      703.570      710.730      771.710      777.760
    75:      785.960      791.750      862.650
I:
     0:        0.000        0.100       17.450       40.220       65.200
     5:       80.140       87.080       96.050      103.310      112.630
    10:      117.590      124.080      129.860      135.710      142.080
    15:      146.760      159.510      164.210      172.530      184.500
    20:      189.250      200.800      211.340      220.580      236.980
    25:      241.640      246.380      255.050      286.150      290.560
    30:      294.570      299.420      303.510      307.870      350.090
    35:      359.810      364.950      369.430      375.290      381.700
    40:      387.320      391.630      426.330      429.570      445.330
    45:      453.360      457.650      461.840      490.280      495.190
    50:      500.430      504.980      510.140      514.310      518.470
    55:      523.210      527.970      537.860      542.850      547.130
    60:      557.040      569.850      598.500      628.540      635.140
    65:      641.910      652.000      661.540      666.240      674.970
    70:      680.270      686.330      692.680      699.060      705.440
    75:      710.230      772.970      778.780      787.840      791.980
    80:      864.480
Q:
     0:      875.660        0.000        0.000        0.000        0.000
     5:        0.000        0.000        0.000        0.000        0.000
    10:        0.000        0.000        0.000        0.000        0.000
    15:        0.000        0.000        0.000        0.000        0.000
    20:        0.000        0.000        0.000        0.000        0.000
    25:        0.000        0.000        0.000        0.000        0.000
    30:        0.000        0.000        0.000        0.000        0.000
    35:        0.000        0.000        0.000        0.000        0.000
    40:        0.000        0.000        0.000        0.000        0.000
    45:        0.000        0.000        0.000        0.000        0.000
    50:        0.000        0.000        0.000        0.000        0.000
    55:        0.000        0.000        0.000        0.000        0.000
    60:        0.000        0.000        0.000        0.000        0.000
    65:        0.000        0.000        0.000        0.000        0.000
    70:        0.000        0.000        0.000        0.000        0.000
    75:        0.000        0.000        0.000        0.000        0.000
    80:        0.000
V:
     0:        0.000        0.000        0.000        0.000        0.000
     5:        0.000        0.000        0.000        0.000        0.000
    10:        0.000        0.000        0.000        0.000        0.000
    15:        0.000        0.000        0.000        0.000        0.000
    20:        0.000        0.000        0.000        0.000        0.000
    25:        0.000        0.000        0.000        0.000        0.000
    30:        0.000        0.000        0.000        0.000        0.000
    35:        0.000        0.000        0.000        0.000        0.000
    40:        0.000        0.000        0.000        0.000        0.000
    45:        0.000        0.000        0.000        0.000        0.000
    50:        0.000        0.000        0.000        0.000        0.000
    55:        0.000        0.000        0.000        0.000        0.000
    60:        0.000        0.000        0.000        0.000        0.000
    65:        0.000        0.000        0.000        0.000        0.000
    70:        0.000        0.000        0.000        0.000        0.000
    75:        0.000        0.000        0.000        0.000        0.000
    80:        0.000
