File: C:\MED-PC\Data\2025-02-05_12h43m_Subject 4.3.txt


Start Date: 02/05/25
End Date: 02/05/25
Subject: 4.3
Experiment: 5HT
Group: 
Box: 9
Start Time: 12:43:16
End Time: 13:11:28
MSN: 25_IC_FR1_BothActive_Retract_Omit_60min_140reward
D:     140.000
F:      98.000
G:      42.000
H:       0.000
J:       0.000
K:      98.000
L:     122.000
M:       0.000
N:  168656.000
O:       0.000
R:       0.000
T:       0.000
U:       3.000
W:       1.000
X:      42.000
Y:       0.000
Z:       0.000
A:
     0:        0.000      170.000        2.000        0.000      600.000
     5:      400.000
B:
     0:        0.000       28.000        2.000
C:
     0:        6.000
E:
     0:        5.990       19.600       26.730       33.640       41.610
     5:       48.050       54.620       61.220       69.310       75.850
    10:       94.590      102.810      109.940      116.880      126.130
    15:      131.010      141.740      151.170      158.380      164.910
    20:      171.490      178.330      184.830      191.810      198.550
    25:      210.890      217.740      224.740      231.100      240.220
    30:      261.150      271.240      278.820      292.820      296.950
    35:      303.690      311.430      317.980      324.590      332.340
    40:      339.250      347.100      353.700      360.240      366.860
    45:      377.350      384.340      391.280      397.810      404.530
    50:      411.990      418.670      426.000      435.550      441.890
    55:      448.740      455.700      462.570      471.480      479.350
    60:      486.400      495.190      502.460      509.410      515.830
    65:      522.330      529.650      536.380      545.170      556.330
    70:      567.310      574.240      580.840      592.130      601.770
    75:      608.580      615.690      625.860      632.550      639.660
    80:      648.440      658.940      673.150      720.870      734.700
    85:      776.630      783.380      795.980      803.270      827.910
    90:      832.950      843.680      869.990      877.720      886.020
    95:      912.010      923.970      950.670      966.620      997.470
   100:     1009.650     1049.460     1070.430     1081.920     1133.650
   105:     1147.390     1188.120     1225.490     1298.300     1313.370
   110:     1327.850     1339.620     1399.540     1434.730     1446.640
   115:     1457.410     1543.600     1563.410     1588.770     1627.650
   120:     1644.390     1660.990
I:
     0:        0.000       11.000       25.000       32.100       39.010
     5:       46.830       53.370       59.950       66.610       74.710
    10:       79.310       93.320      100.120      108.120      115.360
    15:      122.260      127.610      136.460      147.110      156.500
    20:      163.750      170.250      176.910      183.690      190.210
    25:      196.730      204.010      216.350      223.100      229.690
    30:      234.460      245.670      259.680      266.560      276.680
    35:      284.240      294.180      302.360      308.930      316.900
    40:      323.560      330.060      337.800      344.550      352.530
    45:      359.150      365.710      372.290      382.840      389.780
    50:      396.570      403.270      409.900      417.440      424.030
    55:      431.440      440.630      447.320      454.100      461.270
    60:      467.880      476.890      484.940      491.680      500.520
    65:      508.000      514.730      521.230      527.710      535.160
    70:      541.810      550.550      561.740      572.750      579.600
    75:      586.190      597.290      607.200      613.890      620.970
    80:      631.340      637.930      645.220      653.130      663.850
    85:      678.560      692.060      708.180      724.300      730.980
    90:      739.020      755.140      771.260      781.960      788.720
    95:      801.400      808.580      815.150      826.390      838.340
   100:      848.870      864.990      875.130      883.140      891.470
   105:      900.400      911.610      920.090      929.270      945.390
   110:      956.100      971.650      984.070     1000.190     1007.680
   115:     1014.450     1030.570     1038.780     1051.040     1067.160
   120:     1075.790     1087.170     1103.290     1119.410     1135.090
   125:     1141.690     1152.500     1168.620     1184.740     1193.350
   130:     1209.470     1218.710     1229.490     1245.610     1261.730
   135:     1277.850     1293.970     1301.670     1308.770     1316.960
   140:     1325.870     1332.810     1343.980     1360.100     1366.910
   145:     1383.030     1399.150     1415.270     1424.050     1440.170
   150:     1451.910     1459.060     1475.180     1491.300     1507.420
   155:     1523.540     1536.330     1547.870     1556.680     1568.590
   160:     1582.590     1593.660     1609.780     1624.760     1632.590
   165:     1643.810     1651.260     1659.360     1666.140     1679.670
P:
     0:      702.170      718.290      749.130      765.250      858.980
     5:      939.380      994.180     1024.560     1061.150     1097.280
    10:     1113.400     1162.610     1178.730     1203.460     1239.600
    15:     1255.720     1271.840     1287.960     1354.090     1377.020
    20:     1393.140     1409.260     1434.160     1469.170     1485.290
    25:     1501.410     1517.530     1603.770
Q:
     0:       94.100      102.100      109.340      116.240      125.590
     5:      157.740      239.650      260.540      270.660      278.220
    10:      292.160      296.350      331.790      346.520      376.830
    15:      397.260      425.430      455.260      478.930      501.990
    20:      508.720      566.740      591.280      601.190      631.920
    25:      639.210      686.050      733.010      809.140      820.380
    30:      842.860      914.080      950.090     1001.670     1032.770
    35:     1129.080     1212.700     1319.860     1418.040     1562.580
    40:     1637.800     1653.350
S:
     0:       89.320      255.680
V:
     0:        4.990       18.990       26.090       33.000       40.820
     5:       47.360       53.940       60.600       68.700       75.300
    10:      130.450      141.100      150.490      164.240      170.900
    15:      177.680      184.200      190.720      198.000      210.340
    20:      217.090      223.680      230.450      302.920      310.890
    25:      317.550      324.050      338.540      353.140      359.700
    30:      366.280      383.770      390.560      403.890      411.430
    35:      418.020      434.620      441.310      448.090      461.870
    40:      470.880      485.670      494.510      515.220      521.700
    45:      529.150      535.800      544.540      555.730      573.590
    50:      580.180      607.880      614.960      625.330      647.120
    55:      657.840      672.550      724.970      775.950      782.710
    60:      795.390      802.570      832.330      869.120      877.130
    65:      885.460      894.390      905.600      923.260      965.640
    70:      978.060     1008.440     1045.030     1069.780     1081.160
    75:     1135.680     1146.490     1187.340     1223.480     1295.660
    80:     1302.760     1310.950     1326.800     1337.970     1360.900
    85:     1445.900     1453.050     1530.320     1541.860     1550.670
    90:     1576.580     1587.650     1618.750     1626.580     1645.250
    95:     1660.130     1673.660     1683.540
