File: C:\MED-PC\Data\2025-02-06_13h34m_Subject 3.1.txt


Start Date: 02/06/25
End Date: 02/06/25
Subject: 3.1
Experiment: 5HT
Group: 
Box: 3
Start Time: 13:34:23
End Time: 13:54:49
MSN: 25_IC_FR1_BothActive_Retract_Omit_60min_140reward
D:     140.000
F:      90.000
G:      50.000
H:       1.000
J:       0.000
K:      90.000
L:     135.000
M:       0.000
N:  122001.000
O:       0.000
R:       0.000
T:       0.000
U:       0.000
W:       1.000
X:      50.000
Y:       0.000
Z:       0.000
A:
     0:        0.000      143.000        2.000        0.000      600.000
     5:      400.000
B:
     0:        0.000        2.000        1.000
C:
     0:        6.000
E:
     0:        1.810        8.360       15.490       22.020       29.500
     5:       35.460       42.170       49.980       56.380       70.240
    10:       76.830       84.980      107.150      116.170      125.350
    15:      131.980      138.950      145.660      158.930      182.140
    20:      190.190      199.710      206.370      213.190      220.030
    25:      226.910      233.960      238.540      250.370      262.580
    30:      269.370      279.570      283.710      290.580      297.320
    35:      304.060      311.480      318.880      329.750      336.430
    40:      343.840      350.720      358.290      365.650      372.990
    45:      381.020      387.820      394.870      401.720      408.790
    50:      416.790      423.860      431.600      438.660      446.470
    55:      452.830      460.260      466.750      475.150      483.850
    60:      493.200      500.950      507.890      515.120      521.740
    65:      528.620      535.990      542.910      552.530      559.620
    70:      579.450      586.460      594.520      601.250      616.990
    75:      623.320      631.020      640.730      649.820      664.250
    80:      679.550      686.260      693.620      700.980      708.010
    85:      714.880      726.370      733.170      739.840      747.770
    90:      755.460      763.900      772.290      778.970      790.500
    95:      799.260      807.750      817.190      829.930      840.250
   100:      852.890      860.100      867.260      874.610      887.170
   105:      901.730      908.530      915.510      923.150      930.460
   110:      942.980      951.220      960.370      977.880      983.000
   115:      996.790     1007.040     1023.080     1038.220     1051.520
   120:     1057.910     1065.790     1074.590     1083.700     1088.470
   125:     1098.100     1121.250     1127.890     1135.490     1139.030
   130:     1147.880     1166.630     1182.890     1191.840     1218.520
I:
     0:        0.000        7.120       13.780       20.900       27.390
     5:       34.200       40.890       47.570       54.630       61.740
    10:       68.310       75.740       82.280       89.640      105.760
    15:      112.500      121.480      130.730      137.390      144.380
    20:      151.100      164.320      180.440      187.500      195.610
    25:      205.090      211.830      218.590      225.520      232.380
    30:      237.380      244.120      255.910      268.110      274.940
    35:      281.110      289.170      296.070      302.720      309.530
    40:      316.960      324.360      335.050      341.930      349.270
    45:      356.170      363.660      371.050      378.530      386.440
    50:      393.230      400.290      407.230      414.250      422.130
    55:      429.260      436.960      444.080      451.860      458.330
    60:      465.660      472.300      480.600      489.280      498.630
    65:      506.390      513.350      520.560      527.230      534.020
    70:      541.540      548.430      557.890      565.160      574.420
    75:      584.900      591.610      599.760      606.630      613.700
    80:      621.510      628.750      636.520      646.230      655.250
    85:      669.770      685.060      691.710      699.130      706.500
    90:      713.580      720.390      731.810      738.540      745.180
    95:      753.160      760.940      769.360      777.740      784.450
   100:      795.960      804.590      813.300      822.650      835.390
   105:      845.750      858.230      865.600      872.680      880.030
   110:      892.670      902.580      913.960      921.010      928.640
   115:      936.040      948.430      956.710      965.850      974.750
   120:      988.430     1002.240     1012.410     1028.500     1043.460
   125:     1056.550     1063.310     1071.170     1080.050     1087.110
   130:     1093.980     1103.630     1117.640     1126.750     1133.330
   135:     1136.890     1144.270     1153.340     1166.010     1174.700
   140:     1187.450     1197.080     1213.030
P:
     0:       99.750      174.430
Q:
     0:       34.880       69.730       76.270      138.370      238.100
     5:      249.890      262.090      268.920      279.090      283.160
    10:      310.950      318.350      335.920      357.650      365.040
    15:      372.520      380.430      401.220      416.120      430.950
    20:      466.290      474.590      500.380      521.220      535.530
    25:      542.420      559.150      568.410      578.890      607.690
    30:      615.500      649.240      700.490      707.570      771.730
    35:      778.440      866.670      874.020      896.570      930.030
    40:      968.740     1087.960     1097.610     1120.730     1127.310
    45:     1134.870     1147.330     1160.000     1191.070     1216.990
S:
     0:     1113.640
V:
     0:        1.110        7.770       14.890       21.380       28.190
     5:       41.560       48.620       55.730       62.300       83.630
    10:      106.490      115.470      124.720      131.380      145.090
    15:      158.310      181.490      189.600      199.080      205.820
    20:      212.580      219.510      226.370      233.370      290.060
    25:      296.710      303.520      329.040      343.260      350.160
    30:      387.220      394.280      408.240      423.250      438.070
    35:      445.850      452.320      459.650      483.270      492.620
    40:      507.340      514.550      528.010      551.880      585.600
    45:      593.750      600.620      622.740      630.510      640.220
    50:      663.760      679.050      685.700      693.120      714.380
    55:      725.800      732.530      739.170      747.150      754.930
    60:      763.350      789.950      798.580      807.290      816.640
    65:      829.380      839.740      852.220      859.590      886.660
    70:      907.950      915.000      922.630      942.420      950.700
    75:      959.840      982.420      996.230     1006.400     1022.490
    80:     1037.450     1050.540     1057.300     1065.160     1074.040
    85:     1083.100     1138.260     1168.690     1181.440     1207.020
