File: C:\MED-PC\Data\2025-02-06_12h44m_Subject 2.2.txt


Start Date: 02/06/25
End Date: 02/06/25
Subject: 2.2
Experiment: 5HT
Group: 
Box: 6
Start Time: 12:44:39
End Time: 13:08:41
MSN: 25_IC_FR1_BothActive_Retract_Omit_60min_140reward
D:     140.000
F:      61.000
G:      79.000
H:       1.000
J:       0.000
K:      61.000
L:     139.000
M:       0.000
N:  143642.000
O:       0.000
R:       0.000
T:       0.000
U:       0.000
W:       1.000
X:      79.000
Y:       0.000
Z:       0.000
A:
     0:        0.000      155.000        0.000        1.000      600.000
     5:      400.000
B:
     0:        0.000       13.000        2.000
C:
     0:        6.000
E:
     0:        4.930       14.170       21.690       28.370       37.690
     5:       49.180       55.950       63.420       70.130       76.560
    10:       83.220       93.390       99.940      106.770      114.390
    15:      121.570      128.300      139.560      146.740      154.100
    20:      160.910      168.250      175.510      182.450      191.790
    25:      199.870      211.500      218.830      225.410      232.000
    30:      240.210      246.970      253.730      263.390      269.970
    35:      277.210      286.960      294.030      300.460      309.280
    40:      323.710      331.330      372.310      379.310      387.610
    45:      394.510      401.130      407.700      414.200      420.700
    50:      427.360      434.260      442.650      449.760      456.030
    55:      462.420      475.250      482.670      496.930      506.890
    60:      514.380      521.550      528.420      536.170      550.150
    65:      559.180      571.120      594.130      601.320      609.270
    70:      617.600      627.610      634.250      650.720      656.020
    75:      682.080      690.880      699.620      707.420      718.080
    80:      726.040      731.400      740.670      754.300      761.120
    85:      768.560      777.880      786.950      793.890      801.070
    90:      810.630      817.250      824.690      836.650      847.710
    95:      872.590      883.360      893.370      900.480      908.250
   100:      915.150      925.290      935.570      944.020      950.990
   105:      958.030      965.560      974.130      978.190      988.960
   110:     1009.770     1036.090     1049.140     1053.180     1061.340
   115:     1071.040     1083.830     1091.500     1096.820     1128.770
   120:     1138.310     1177.790     1186.290     1227.680     1236.780
   125:     1243.470     1250.180     1262.030     1273.650     1283.790
   130:     1303.430     1307.890     1317.380     1334.390     1382.780
   135:     1388.760     1414.900     1428.600     1434.020
I:
     0:        0.000       10.080       19.370       26.930       33.480
     5:       43.100       54.150       61.200       68.390       75.040
    10:       81.650       88.380       98.720      105.250      111.980
    15:      119.730      126.820      133.410      144.880      152.000
    20:      159.410      166.190      173.510      180.890      187.770
    25:      197.110      205.170      216.930      224.160      230.840
    30:      237.410      245.570      252.430      259.090      268.770
    35:      275.420      282.630      292.170      298.770      305.740
    40:      314.570      328.980      336.760      352.880      369.000
    45:      377.640      384.300      392.870      399.990      406.560
    50:      413.090      419.550      426.020      432.730      439.460
    55:      448.010      454.600      461.260      467.790      480.610
    60:      488.070      502.430      512.380      519.790      527.000
    65:      533.680      541.690      555.530      564.600      576.550
    70:      592.670      599.420      606.660      614.710      622.970
    75:      632.640      639.700      651.640      661.400      677.520
    80:      687.480      696.350      704.760      712.800      723.510
    85:      730.100      736.810      746.080      759.740      766.550
    90:      773.920      782.280      792.230      799.230      806.450
    95:      816.000      822.580      829.610      842.130      853.060
   100:      869.180      877.830      888.740      898.670      905.860
   105:      913.690      920.550      930.730      940.860      949.440
   110:      956.440      963.420      970.970      977.040      983.720
   115:      994.430     1008.440     1015.120     1029.130     1041.390
   120:     1050.520     1058.530     1065.990     1076.490     1087.830
   125:     1095.320     1102.070     1118.190     1134.230     1143.650
   130:     1159.770     1175.890     1182.930     1191.610     1207.730
   135:     1223.850     1233.150     1241.950     1248.800     1255.450
   140:     1266.360     1279.010     1289.330     1297.420     1313.180
   145:     1321.380     1337.130     1344.360     1360.480     1376.600
   150:     1387.030     1394.030     1410.150     1420.410     1428.380
P:
     0:      346.870      362.990      586.660      671.510      863.170
     5:     1112.180     1153.760     1169.880     1201.720     1217.840
    10:     1354.470     1370.590     1404.140
Q:
     0:        4.070       13.360       37.090       55.190       62.380
     5:       92.710       99.240      113.720      120.810      138.870
    10:      153.400      174.880      191.100      218.150      224.830
    15:      239.560      276.620      286.160      308.560      322.970
    20:      371.630      378.290      386.860      393.980      400.550
    25:      407.080      413.540      426.720      433.450      442.000
    30:      448.590      455.250      461.780      535.680      549.520
    35:      558.590      570.540      593.410      600.650      626.630
    40:      633.690      655.390      681.470      698.750      706.790
    45:      717.500      724.090      730.800      740.070      767.910
    50:      776.270      786.220      809.990      836.120      871.820
    55:      882.730      899.850      907.680      914.540      924.720
    60:      934.850      943.430      950.430      957.410      964.960
    65:      973.030     1052.520     1089.310     1176.920     1185.600
    70:     1242.790     1273.000     1283.320     1291.410     1307.170
    75:     1315.370     1331.120     1381.020     1433.400
S:
     0:     1004.440     1025.130
V:
     0:       20.920       27.470       48.140       69.030       75.640
     5:       82.370      105.970      127.400      145.990      160.180
    10:      167.500      181.760      199.160      210.920      231.400
    15:      246.420      253.080      262.760      269.410      292.760
    20:      299.730      330.750      420.010      474.600      482.060
    25:      496.420      506.370      513.780      520.990      527.670
    30:      608.700      616.960      645.630      690.340      753.730
    35:      760.540      793.220      800.440      816.570      823.600
    40:      847.050      892.660      977.700      988.410     1009.100
    45:     1035.370     1048.500     1059.980     1070.480     1081.820
    50:     1096.060     1128.220     1137.640     1227.140     1235.940
    55:     1249.440     1260.350     1338.350     1388.020     1414.400
    60:     1422.370
