File: C:\MED-PC\Data\2025-01-30_12h40m_Subject 1.2.txt


Start Date: 01/30/25
End Date: 01/30/25
Subject: 1.2
Experiment: 5HT
Group: 
Box: 2
Start Time: 12:40:15
End Time: 13:37:47
MSN: LD_FR1_LeftLever_30min_40reward_RightLever_30min_40reward
A:      80.000
B:       0.000
C:       0.000
D:      80.000
F:       0.000
G:       0.000
H:       0.000
J:       0.000
K:      40.000
L:      57.000
M:       0.000
N:  344596.000
O:       0.000
P:       0.000
R:       0.000
S:       0.000
T:       0.000
U:       0.000
W:       0.000
X:      40.000
Y:       0.000
Z:       0.000
E:
     0:      115.720      149.100      185.220      266.620      289.770
     5:      360.950      576.710      659.990      746.980      760.730
    10:      786.320      817.940      879.370      887.570      907.780
    15:      916.090      926.030      963.670      974.380     1018.100
    20:     1074.230     1123.740     1169.790     1204.890     1240.960
    25:     1276.670     1295.440     1313.450     1321.770     1332.540
    30:     1448.050     1828.380     2085.390     2181.870     2205.490
    35:     2228.080     2307.020     2354.750     2405.220     2648.430
    40:     2658.920     2720.240     2752.250     2792.220     2847.620
    45:     2975.910     3072.160     3115.640     3163.120     3204.400
    50:     3243.830     3254.770     3277.090     3316.160     3338.920
    55:     3357.850     3375.490
I:
     0:        0.000        0.100       57.540       63.390       74.750
     5:       82.120       88.410      111.070      125.290      136.770
    10:      160.350      168.910      184.800      240.520      268.900
    15:      283.720      360.030      577.100      660.880      743.750
    20:      761.330      788.190      819.200      880.830      888.600
    25:      907.040      916.690      926.090      965.900      976.680
    30:     1019.070     1074.140     1118.450     1122.870     1170.390
    35:     1207.450     1243.310     1277.550     1295.990     1315.480
    40:     1323.320     1331.660     1442.880     1447.840     1801.120
    45:     1810.310     1817.520     2062.150     2129.590     2137.350
    50:     2199.030     2216.840     2229.310     2303.610     2342.210
    55:     2376.990     2643.590     2658.860     2685.980     2750.810
    60:     2783.710     2819.960     2847.690     2942.220     2961.040
    65:     2966.980     2975.470     3046.910     3069.980     3073.600
    70:     3113.520     3160.980     3194.420     3237.010     3256.720
    75:     3266.230     3298.770     3331.130     3359.410     3375.070
    80:     3442.640
Q:
     0:     3445.940        0.000        0.000        0.000        0.000
     5:        0.000        0.000        0.000        0.000        0.000
    10:        0.000        0.000        0.000        0.000        0.000
    15:        0.000        0.000        0.000        0.000        0.000
    20:        0.000        0.000        0.000        0.000        0.000
    25:        0.000        0.000        0.000        0.000        0.000
    30:        0.000        0.000        0.000        0.000        0.000
    35:        0.000        0.000        0.000        0.000        0.000
    40:        0.000        0.000        0.000        0.000        0.000
    45:        0.000        0.000        0.000        0.000        0.000
    50:        0.000        0.000        0.000        0.000        0.000
    55:        0.000        0.000        0.000        0.000        0.000
    60:        0.000        0.000        0.000        0.000        0.000
    65:        0.000        0.000        0.000        0.000        0.000
    70:        0.000        0.000        0.000        0.000        0.000
    75:        0.000        0.000        0.000        0.000        0.000
    80:        0.000
V:
     0:        0.000        0.000        0.000        0.000        0.000
     5:        0.000        0.000        0.000        0.000        0.000
    10:        0.000        0.000        0.000        0.000        0.000
    15:        0.000        0.000        0.000        0.000        0.000
    20:        0.000        0.000        0.000        0.000        0.000
    25:        0.000        0.000        0.000        0.000        0.000
    30:        0.000        0.000        0.000        0.000        0.000
    35:        0.000        0.000        0.000        0.000        0.000
    40:        0.000        0.000        0.000        0.000        0.000
    45:        0.000        0.000        0.000        0.000        0.000
    50:        0.000        0.000        0.000        0.000        0.000
    55:        0.000        0.000        0.000        0.000        0.000
    60:        0.000        0.000        0.000        0.000        0.000
    65:        0.000        0.000        0.000        0.000        0.000
    70:        0.000        0.000        0.000        0.000        0.000
    75:        0.000        0.000        0.000        0.000        0.000
    80:        0.000
