File: C:\MED-PC\Data\2025-01-27_14h21m_Subject 2.4.txt


Start Date: 01/27/25
End Date: 01/27/25
Subject: 2.4
Experiment: 5HT
Group: 
Box: 2
Start Time: 14:21:41
End Time: 14:48:24
MSN: LD_FR1_RightLever_30min_40reward_LeftLever_30min_40reward
A:      80.000
B:       0.000
C:       0.000
D:      80.000
F:       0.000
G:       0.000
H:       0.000
J:       0.000
K:      40.000
L:      74.000
M:       0.000
N:  159872.000
O:       0.000
P:       0.000
R:       0.000
S:       0.000
T:       0.000
U:       0.000
W:       0.000
X:      40.000
Y:       0.000
Z:       0.000
E:
     0:       28.210       66.800      183.800      267.340      283.800
     5:      305.960      318.930      351.660      366.090      394.960
    10:      423.250      434.070      459.230      492.370      507.190
    15:      515.570      533.940      543.040      550.380      556.270
    20:      566.850      572.600      578.390      592.890      601.610
    25:      613.790      618.300      633.670      644.850      651.020
    30:      656.270      665.300      674.760      679.740      686.280
    35:      691.830      716.170      728.250      764.750      818.040
    40:      834.660      841.610      896.230      915.160      953.260
    45:     1018.790     1024.880     1047.190     1057.540     1092.230
    50:     1159.160     1172.170     1259.860     1265.820     1283.270
    55:     1289.260     1328.910     1349.040     1364.370     1380.000
    60:     1388.190     1393.960     1443.570     1469.520     1500.290
    65:     1513.300     1521.700     1530.520     1545.990     1564.570
    70:     1569.860     1580.850     1589.540     1594.590
I:
     0:        0.000        0.100       26.770       56.900      173.090
     5:      177.230      267.840      284.480      304.520      319.820
    10:      351.520      368.520      390.000      397.130      425.370
    15:      433.760      459.040      490.930      507.340      515.510
    20:      533.760      544.870      551.630      558.210      567.970
    25:      574.900      579.680      595.260      603.650      615.260
    30:      620.000      635.170      647.120      652.910      658.150
    35:      667.170      676.580      680.850      688.110      693.330
    40:      718.170      729.450      761.690      765.420      819.430
    45:      837.230      842.260      895.190      915.120      945.490
    50:      952.010     1018.120     1026.930     1049.280     1059.950
    55:     1092.920     1145.860     1161.070     1169.980     1261.140
    60:     1266.620     1278.340     1290.800     1331.290     1350.130
    65:     1365.570     1381.890     1388.140     1395.470     1445.950
    70:     1471.920     1502.350     1515.530     1523.690     1532.880
    75:     1545.450     1564.860     1570.690     1582.150     1590.180
    80:     1595.920
Q:
     0:     1598.700        0.000        0.000        0.000        0.000
     5:        0.000        0.000        0.000        0.000        0.000
    10:        0.000        0.000        0.000        0.000        0.000
    15:        0.000        0.000        0.000        0.000        0.000
    20:        0.000        0.000        0.000        0.000        0.000
    25:        0.000        0.000        0.000        0.000        0.000
    30:        0.000        0.000        0.000        0.000        0.000
    35:        0.000        0.000        0.000        0.000        0.000
    40:        0.000        0.000        0.000        0.000        0.000
    45:        0.000        0.000        0.000        0.000        0.000
    50:        0.000        0.000        0.000        0.000        0.000
    55:        0.000        0.000        0.000        0.000        0.000
    60:        0.000        0.000        0.000        0.000        0.000
    65:        0.000        0.000        0.000        0.000        0.000
    70:        0.000        0.000        0.000        0.000        0.000
    75:        0.000        0.000        0.000        0.000        0.000
    80:        0.000
V:
     0:        0.000        0.000        0.000        0.000        0.000
     5:        0.000        0.000        0.000        0.000        0.000
    10:        0.000        0.000        0.000        0.000        0.000
    15:        0.000        0.000        0.000        0.000        0.000
    20:        0.000        0.000        0.000        0.000        0.000
    25:        0.000        0.000        0.000        0.000        0.000
    30:        0.000        0.000        0.000        0.000        0.000
    35:        0.000        0.000        0.000        0.000        0.000
    40:        0.000        0.000        0.000        0.000        0.000
    45:        0.000        0.000        0.000        0.000        0.000
    50:        0.000        0.000        0.000        0.000        0.000
    55:        0.000        0.000        0.000        0.000        0.000
    60:        0.000        0.000        0.000        0.000        0.000
    65:        0.000        0.000        0.000        0.000        0.000
    70:        0.000        0.000        0.000        0.000        0.000
    75:        0.000        0.000        0.000        0.000        0.000
    80:        0.000
