File: C:\MED-PC\Data\2025-01-31_13h48m_Subject 5.4.txt


Start Date: 01/31/25
End Date: 01/31/25
Subject: 5.4
Experiment: 5HT
Group: 
Box: 8
Start Time: 13:48:14
End Time: 13:58:16
MSN: 25_IC_FR1_BothActive_Retract_Omit_60min_80reward
D:      80.000
F:      51.000
G:      29.000
H:       2.000
J:       0.000
K:      51.000
L:      80.000
M:       0.000
N:   59707.000
O:       0.000
R:       0.000
T:       0.000
U:       0.000
W:       1.000
X:      29.000
Y:       0.000
Z:       0.000
A:
     0:        0.000       85.000        2.000        0.000      500.000
     5:      300.000
B:
     0:        0.000        2.000        3.000
C:
     0:        4.000        5.000        6.000
E:
     0:        1.610       10.820       20.300       26.260       30.580
     5:       35.240       42.790       46.740       57.750       64.990
    10:       72.370       81.490       93.280       98.450      103.170
    15:      110.160      117.320      124.200      129.120      135.130
    20:      141.000      145.810      161.570      166.600      176.910
    25:      193.810      198.550      202.830      207.360      213.250
    30:      219.060      231.130      236.540      241.610      245.650
    35:      252.430      262.390      278.850      284.820      293.330
    40:      299.260      310.420      318.770      325.180      334.020
    45:      338.770      344.510      350.430      354.870      360.520
    50:      366.210      373.350      378.030      384.520      389.660
    55:      406.820      411.670      416.870      421.610      426.380
    60:      430.290      434.990      441.910      449.350      454.760
    65:      460.560      466.190      472.130      480.800      488.670
    70:      494.130      506.670      511.080      530.790      544.320
    75:      549.100      562.580      584.900      590.060      594.850
I:
     0:        0.000        5.900       14.940       22.710       28.900
     5:       33.720       40.520       45.030       52.090       61.760
    10:       69.640       77.670       86.320       96.570      101.840
    15:      108.580      115.550      122.750      127.610      133.560
    20:      139.480      144.400      147.150      159.160      164.540
    25:      169.880      180.210      192.220      196.990      199.850
    30:      205.850      211.630      217.470      224.300      231.560
    35:      238.670      244.290      250.860      257.660      267.620
    40:      283.650      289.980      297.600      302.400      315.620
    45:      323.990      330.320      337.330      343.150      348.760
    50:      353.560      359.210      363.830      370.390      376.640
    55:      381.240      387.780      390.940      402.950      410.070
    60:      415.000      420.150      424.900      427.700      433.340
    65:      440.250      447.200      453.280      459.020      464.790
    70:      470.390      476.370      485.820      492.890      499.530
    75:      509.870      515.500      529.620      536.170      547.510
    80:      554.320      567.510      583.630      588.310      593.340
P:
     0:      525.610      577.620
Q:
     0:       63.630       80.310      160.520      165.860      176.190
     5:      192.970      197.830      201.840      206.620      212.460
    10:      218.290      251.650      261.610      292.590      333.320
    15:      406.050      410.980      416.130      420.880      425.680
    20:      434.240      441.190      448.270      454.010      459.780
    25:      471.360      548.310      589.330      594.050
S:
     0:      157.160      190.220      400.950
V:
     0:        0.890        9.930       18.700       23.890       29.710
     5:       34.510       41.020       46.080       56.750       71.660
    10:       92.560       97.830      102.570      109.540      116.740
    15:      123.600      128.550      134.470      140.390      145.140
    20:      227.550      233.660      239.280      244.850      277.640
    25:      283.970      298.390      309.610      317.980      324.310
    30:      338.140      343.750      349.550      354.200      359.820
    35:      364.380      372.630      377.230      381.770      388.930
    40:      429.330      465.380      479.810      487.880      493.520
    45:      504.860      510.490      530.160      543.500      561.500
    50:      584.300
