File: C:\MED-PC\Data\2025-02-07_13h35m_Subject 5.4.txt


Start Date: 02/07/25
End Date: 02/07/25
Subject: 5.4
Experiment: 5HT
Group: 
Box: 8
Start Time: 13:35:16
End Time: 14:01:20
MSN: 25_IC_FR1_BothActive_Retract_Omit_60min_140reward
D:     140.000
F:      63.000
G:      77.000
H:       0.000
J:       4.000
K:      63.000
L:     140.000
M:       0.000
N:  132550.000
O:       0.000
R:       0.000
T:       0.000
U:       0.000
W:       0.000
X:      77.000
Y:       0.000
Z:       0.000
A:
     0:        0.000      157.000        1.000        6.000      600.000
     5:      400.000
B:
     0:        0.000        7.000       10.000
C:
     0:        6.000
E:
     0:        2.200        8.910       15.310       22.440       30.570
     5:       37.250       44.560       51.090       57.740       64.860
    10:       72.890       80.190       87.770       95.710      104.080
    15:      111.630      118.370      125.210      131.950      138.710
    20:      145.560      152.390      159.190      166.130      172.930
    25:      179.710      189.740      210.500      217.360      224.260
    30:      231.470      235.030      241.590      249.190      255.810
    35:      262.670      269.350      276.380      283.180      290.110
    40:      297.100      303.810      310.700      323.190      337.080
    45:      343.620      358.910      373.450      376.900      385.420
    50:      393.550      400.310      407.200      413.950      420.750
    55:      427.520      434.380      441.230      447.970      454.640
    60:      461.680      480.480      487.150      523.340      531.300
    65:      537.940      541.580      548.960      556.040      562.890
    70:      569.730      576.330      583.130      590.050      596.870
    75:      603.840      610.490      617.120      630.240      645.390
    80:      657.660      666.100      672.790      676.460      691.200
    85:      699.070      712.360      736.870      743.430      750.320
    90:      756.960      763.700      770.580      777.750      784.550
    95:      791.160      798.200      818.300      832.420      839.870
   100:      846.700      862.670      866.380      873.540      882.050
   105:      887.250      893.900      900.800      909.300      916.410
   110:      923.090      929.980      936.760      943.610      950.880
   115:      957.520      965.070      970.950      978.160      984.290
   120:     1005.000     1025.370     1046.160     1061.090     1065.400
   125:     1071.940     1081.670     1088.780     1097.780     1109.050
   130:     1123.960     1133.570     1234.870     1241.440     1250.700
   135:     1263.320     1268.180     1274.860     1282.420     1323.090
I:
     0:        0.000        7.630       14.240       20.710       27.790
     5:       35.790       42.550       49.580       56.260       63.100
    10:       70.240       78.340       85.470       93.160      101.150
    15:      109.350      117.070      123.710      130.560      137.280
    20:      144.010      150.860      157.700      164.490      171.330
    25:      178.180      182.980      195.190      209.200      215.820
    30:      222.740      229.710      232.880      240.430      247.030
    35:      254.450      261.150      267.940      274.690      281.630
    40:      288.500      295.360      302.260      309.090      313.920
    45:      328.590      342.450      349.040      364.300      374.830
    50:      382.350      390.830      398.970      405.610      412.500
    55:      419.180      426.060      432.810      439.640      446.480
    60:      453.240      459.880      464.930      478.940      485.860
    65:      492.610      506.620      520.630      528.800      536.740
    70:      539.430      547.010      554.440      561.350      568.230
    75:      574.990      581.570      588.420      595.340      602.150
    80:      608.980      615.780      620.410      635.630      650.020
    85:      661.590      671.490      674.270      681.900      696.280
    90:      703.370      716.920      733.040      741.850      748.650
    95:      755.550      762.260      768.960      775.780      782.970
   100:      789.760      796.450      801.330      815.340      823.730
   105:      837.850      845.370      852.210      864.110      871.820
   110:      879.000      885.760      892.480      899.150      906.220
   115:      914.620      921.660      928.320      935.150      941.960
   120:      948.670      955.970      962.640      969.450      976.120
   125:      981.270      989.610     1003.620     1010.390     1024.400
   130:     1030.800     1044.810     1051.610     1062.550     1070.180
   135:     1077.210     1087.060     1094.240     1103.220     1114.470
   140:     1129.320     1136.470     1152.590     1168.710     1184.830
   145:     1200.950     1217.070     1233.190     1240.300     1246.920
   150:     1256.070     1266.660     1273.450     1280.190     1287.140
   155:     1301.150     1315.160
P:
     0:      727.030     1146.580     1162.700     1178.820     1194.940
     5:     1211.060     1227.180
Q:
     0:       21.780       29.780       36.540       43.570       50.250
     5:       57.090      103.340      117.700      124.550      131.270
    10:      138.000      144.850      151.690      158.480      165.320
    15:      172.170      178.970      248.440      255.140      261.930
    20:      268.680      275.620      282.490      289.350      296.250
    25:      303.080      309.910      399.600      406.490      413.170
    30:      420.050      426.800      433.630      440.470      447.230
    35:      453.870      460.920      555.340      562.220      568.980
    40:      575.560      582.410      589.330      596.140      602.970
    45:      609.770      616.400      690.270      697.360      735.840
    50:      742.640      749.540      756.250      762.950      769.770
    55:      776.960      783.750      790.440      797.320      879.750
    60:      886.470      893.140      915.650      922.310      929.140
    65:      935.950      942.660      949.960      956.630      963.440
    70:      970.110      977.260     1071.200     1267.430     1274.170
    75:     1281.120     1322.480
S:
     0:      205.200      474.940      502.620      516.630      811.340
     5:      999.620     1020.400     1040.810     1297.150     1311.160
V:
     0:        1.620        8.230       14.700       64.230       72.330
     5:       79.460       87.150       95.140      111.060      189.170
    10:      209.800      216.720      223.690      230.860      234.420
    15:      241.020      322.570      336.430      343.020      358.280
    20:      372.810      376.340      384.820      392.960      479.840
    25:      486.590      522.780      530.720      537.410      541.000
    30:      548.430      629.610      644.000      655.570      665.470
    35:      672.250      675.890      710.910      817.710      831.830
    40:      839.350      846.190      862.090      865.810      872.990
    45:      900.210      908.610      983.590     1004.370     1024.780
    50:     1045.590     1060.530     1064.170     1081.050     1088.230
    55:     1097.210     1108.460     1123.310     1130.460     1234.290
    60:     1240.910     1250.060     1262.650
