File: C:\MED-PC\Data\2025-02-11_13h12m_Subject 1.3.txt


Start Date: 02/11/25
End Date: 02/11/25
Subject: 1.3
Experiment: 5HT
Group: 
Box: 3
Start Time: 13:12:05
End Time: 13:46:48
MSN: 25_IC_FR1_BothActive_Retract_Omit_60min_140reward
D:     140.000
F:      82.000
G:      58.000
H:       2.000
J:       0.000
K:      82.000
L:     125.000
M:       0.000
N:  183673.000
O:       0.000
R:       0.000
T:       0.000
U:       0.000
W:       1.000
X:      58.000
Y:       0.000
Z:       0.000
A:
     0:        0.000      174.000        1.000        0.000      600.000
     5:      400.000
B:
     0:        0.000       33.000        1.000
C:
     0:        6.000
E:
     0:       17.400       23.850       30.590       37.250       44.540
     5:       59.940       83.260       92.020      100.870      108.120
    10:      115.750      127.700      134.690      146.750      153.700
    15:      162.850      171.710      178.300      185.000      194.270
    20:      202.980      210.000      217.390      224.100      230.550
    25:      237.280      244.790      251.790      260.440      271.130
    30:      282.400      290.520      296.930      305.320      314.000
    35:      320.780      328.160      334.060      343.950      352.560
    40:      357.750      381.610      396.620      401.340      404.680
    45:      411.270      420.150      430.790      433.720      441.600
    50:      451.120      454.200      461.890      468.420      477.940
    55:      485.050      492.550      499.990      518.430      527.200
    60:      538.880      545.990      554.870      579.970      587.790
    65:      604.710      617.520      624.110      634.020      640.670
    70:      648.930      662.840      668.850      678.250      687.040
    75:      701.290      711.080      740.670      748.910      759.990
    80:      770.760      784.060      800.270      808.970      870.880
    85:      879.100      890.430      898.440      908.290      915.480
    90:      921.880      935.380      962.180      969.280      979.030
    95:     1020.770     1032.090     1042.100     1065.290     1129.910
   100:     1153.240     1185.590     1286.050     1292.730     1299.310
   105:     1307.690     1316.400     1331.130     1345.540     1358.230
   110:     1365.170     1390.650     1413.910     1446.630     1455.180
   115:     1526.870     1541.280     1553.260     1620.020     1651.850
   120:     1698.570     1711.190     1729.990     1785.410     1817.630
I:
     0:        0.000       16.120       22.700       29.340       36.040
     5:       42.690       49.520       65.460       81.580       88.090
    10:       97.400      106.300      113.460      121.270      133.160
    15:      140.180      152.300      159.260      168.290      177.250
    20:      183.830      190.440      199.810      208.570      215.320
    25:      222.850      229.600      236.130      242.710      250.350
    30:      257.290      265.850      276.740      287.900      296.040
    35:      302.560      310.640      319.440      326.260      332.590
    40:      339.470      349.280      355.230      362.430      376.440
    45:      387.180      393.450      399.690      402.700      410.050
    50:      416.700      425.510      431.840      438.930      445.260
    55:      451.590      459.540      467.370      473.940      483.240
    60:      490.530      498.020      505.450      514.120      523.830
    65:      532.700      544.260      550.970      560.510      576.630
    70:      585.400      593.230      608.740      622.880      629.590
    75:      639.450      646.230      654.340      666.560      674.100
    80:      683.140      691.410      705.870      715.410      731.530
    85:      746.010      754.240      765.210      773.880      789.360
    90:      802.460      812.470      828.590      844.710      860.830
    95:      876.490      884.610      895.770      903.770      913.710
   100:      920.800      927.430      940.710      956.830      967.670
   105:      974.760      983.330      999.450     1014.810     1026.030
   110:     1037.350     1046.070     1057.920     1074.040     1090.160
   115:     1106.280     1122.400     1134.620     1150.740     1158.460
   120:     1173.020     1181.190     1197.310     1213.430     1229.550
   125:     1245.670     1261.790     1277.910     1290.220     1298.090
   130:     1304.620     1312.940     1321.510     1336.520     1343.760
   135:     1350.200     1363.400     1370.590     1383.230     1395.960
   140:     1412.080     1418.860     1434.980     1450.730     1459.860
   145:     1475.980     1492.100     1508.220     1517.140     1533.260
   150:     1546.330     1556.490     1572.610     1584.980     1592.900
   155:     1609.020     1625.140     1641.260     1656.590     1672.710
   160:     1684.090     1692.250     1703.850     1716.190     1726.760
   165:     1734.860     1750.980     1767.100     1774.590     1790.310
   170:     1797.400     1809.880     1822.610     1831.940
P:
     0:       10.110       75.570      570.620      725.520      822.580
     5:      838.700      854.820      950.820      993.440     1068.030
    10:     1084.150     1100.270     1116.390     1144.730     1191.300
    15:     1207.420     1223.540     1239.660     1255.780     1271.900
    20:     1406.070     1428.970     1469.970     1486.090     1502.210
    25:     1527.250     1566.600     1603.010     1619.130     1635.250
    30:     1666.700     1744.970     1761.090
Q:
     0:       16.690       23.330       36.680       82.080      134.170
     5:      177.820      209.310      216.840      223.590      230.120
    10:      251.280      259.840      270.730      356.410      381.160
    15:      387.430      393.670      400.680      404.040      410.690
    20:      419.500      425.830      432.920      439.250      445.580
    25:      477.230      484.520      492.010      508.110      602.730
    30:      623.580      640.220      660.550      685.400      709.400
    35:      740.000      767.870      878.600      889.760      921.420
    40:     1051.910     1152.450     1167.010     1175.180     1292.080
    45:     1315.500     1330.510     1337.750     1364.580     1389.950
    50:     1453.850     1578.970     1697.840     1710.180     1728.850
    55:     1803.870     1825.930     1833.710
S:
     0:      372.440
V:
     0:       30.030       43.510       59.450       91.390      100.290
     5:      107.450      115.260      127.150      146.290      153.250
    10:      162.280      171.240      184.430      193.800      202.560
    15:      236.700      244.340      281.890      290.030      296.550
    20:      304.630      313.430      320.250      326.580      333.460
    25:      343.270      351.220      453.530      461.360      467.930
    30:      499.440      517.820      526.690      538.250      544.960
    35:      554.500      579.390      587.220      616.870      633.440
    40:      648.330      668.090      677.130      699.860      748.230
    45:      759.200      783.350      796.450      806.460      870.480
    50:      897.760      907.700      914.790      934.700      961.660
    55:      968.750      977.320     1008.800     1020.020     1031.340
    60:     1040.060     1128.610     1284.210     1298.610     1306.930
    65:     1344.190     1357.390     1377.220     1412.850     1444.720
    70:     1511.130     1540.320     1550.480     1586.890     1650.580
    75:     1678.080     1686.240     1720.750     1768.580     1784.300
    80:     1791.390     1816.600
