File: C:\MED-PC\Data\2025-01-24_13h42m_Subject 6.3.txt


Start Date: 01/24/25
End Date: 01/24/25
Subject: 6.3
Experiment: 5HT
Group: 
Box: 11
Start Time: 13:42:08
End Time: 14:41:37
MSN: LD_FR1_LeftLever_30min_40reward_RightLever_30min_40reward
A:      80.000
B:       0.000
C:       0.000
D:      80.000
F:       0.000
G:       0.000
H:       0.000
J:       0.000
K:      40.000
L:      48.000
M:       0.000
N:  356364.000
O:       0.000
P:       0.000
R:       0.000
S:       0.000
T:       0.000
U:       0.000
W:       0.000
X:      40.000
Y:       0.000
Z:       0.000
E:
     0:      168.940      214.080      348.380      402.450      549.030
     5:      593.210      637.140      653.070      710.870      735.070
    10:      773.980      805.810      825.680      846.220      885.270
    15:      908.990      940.350      959.530      974.580     1002.340
    20:     1016.950     1042.550     1088.740     1110.070     1142.430
    25:     1157.160     1170.250     1179.550     1242.930     1273.610
    30:     1357.200     1601.060     1614.850     1716.710     1776.530
    35:     1869.150     1920.470     2047.860     2121.150     2205.100
    40:     2346.790     2383.460     2525.330     2560.640     2600.370
    45:     2882.820     3297.370     3429.460
I:
     0:        0.000        0.100      162.530      211.590      340.670
     5:      345.110      349.900      397.590      544.310      577.980
    10:      586.720      591.450      633.750      653.050      710.430
    15:      735.320      773.770      804.580      821.530      825.410
    20:      846.300      881.680      885.530      902.780      938.700
    25:      941.980      958.070      968.480      972.660     1003.000
    30:     1016.950     1038.550     1068.020     1107.570     1111.330
    35:     1140.670     1156.260     1171.040     1179.960     1233.620
    40:     1243.380     1271.860     1353.690     1583.470     1588.090
    45:     1594.190     1598.160     1602.230     1610.630     1660.880
    50:     1666.500     1672.790     1739.290     1756.130     1759.720
    55:     1812.720     1846.300     1854.070     1901.660     2030.110
    60:     2033.620     2038.800     2042.430     2048.840     2109.350
    65:     2114.200     2161.170     2167.460     2253.100     2355.690
    70:     2509.380     2519.000     2544.220     2594.780     2629.160
    75:     2796.000     3253.480     3361.650     3370.880     3375.560
    80:     3382.560
Q:
     0:     3563.620        0.000        0.000        0.000        0.000
     5:        0.000        0.000        0.000        0.000        0.000
    10:        0.000        0.000        0.000        0.000        0.000
    15:        0.000        0.000        0.000        0.000        0.000
    20:        0.000        0.000        0.000        0.000        0.000
    25:        0.000        0.000        0.000        0.000        0.000
    30:        0.000        0.000        0.000        0.000        0.000
    35:        0.000        0.000        0.000        0.000        0.000
    40:        0.000        0.000        0.000        0.000        0.000
    45:        0.000        0.000        0.000        0.000        0.000
    50:        0.000        0.000        0.000        0.000        0.000
    55:        0.000        0.000        0.000        0.000        0.000
    60:        0.000        0.000        0.000        0.000        0.000
    65:        0.000        0.000        0.000        0.000        0.000
    70:        0.000        0.000        0.000        0.000        0.000
    75:        0.000        0.000        0.000        0.000        0.000
    80:        0.000
V:
     0:        0.000        0.000        0.000        0.000        0.000
     5:        0.000        0.000        0.000        0.000        0.000
    10:        0.000        0.000        0.000        0.000        0.000
    15:        0.000        0.000        0.000        0.000        0.000
    20:        0.000        0.000        0.000        0.000        0.000
    25:        0.000        0.000        0.000        0.000        0.000
    30:        0.000        0.000        0.000        0.000        0.000
    35:        0.000        0.000        0.000        0.000        0.000
    40:        0.000        0.000        0.000        0.000        0.000
    45:        0.000        0.000        0.000        0.000        0.000
    50:        0.000        0.000        0.000        0.000        0.000
    55:        0.000        0.000        0.000        0.000        0.000
    60:        0.000        0.000        0.000        0.000        0.000
    65:        0.000        0.000        0.000        0.000        0.000
    70:        0.000        0.000        0.000        0.000        0.000
    75:        0.000        0.000        0.000        0.000        0.000
    80:        0.000
