File: C:\MED-PC\Data\2025-01-22_13h22m_Subject 6.4.txt


Start Date: 01/22/25
End Date: 01/22/25
Subject: 6.4
Experiment: 5HT
Group: 
Box: 12
Start Time: 13:22:22
End Time: 13:52:31
MSN: 24Jan_IC_MagTrain_10min_plus20min
A:      19.000
C:       0.000
E:       0.000
F:       0.000
G:       0.000
H:       0.000
I:       0.000
J:       0.000
K:      20.000
L:       0.000
M:       0.000
N:  180001.000
O:       0.000
P:       0.000
Q:     157.000
R:       0.000
S:       0.000
T:     157.000
U:       0.000
V:       0.000
W:       0.000
X:       0.000
Y:       0.000
Z:       0.000
B:
     0:       12.420       47.260       60.460      101.570      145.400
     5:      152.330      202.170      261.220      273.100      302.510
    10:      358.370      361.890      398.930      443.940      451.960
    15:      488.720      521.900      545.610      596.280
D:
     0:       12.430       14.380       47.270       47.570       48.430
     5:       48.860       57.290       58.150       60.470       60.560
    10:       61.800       68.270       72.330      101.580      106.200
    15:      106.260      106.560      111.090      111.180      145.410
    20:      149.400      149.620      152.340      158.320      161.040
    25:      163.040      202.180      202.570      206.750      261.230
    30:      261.990      266.420      268.510      268.720      269.630
    35:      273.110      276.260      281.300      302.520      303.080
    40:      303.640      308.080      311.290      324.370      358.380
    45:      361.900      362.630      366.850      366.980      367.910
    50:      378.670      379.630      382.560      398.940      402.440
    55:      403.460      420.180      443.950      448.500      450.070
    60:      451.970      452.630      453.080      453.320      458.500
    65:      458.760      459.910      460.680      460.720      461.200
    70:      463.130      488.730      492.980      493.910      493.960
    75:      496.180      496.270      499.650      521.910      525.340
    80:      545.620      596.290      596.520      597.330      597.960
    85:      598.140      600.100      601.520      603.710      604.730
    90:      629.530      640.930      674.610      675.290      675.650
    95:      675.890      678.820      683.580      687.180      687.500
   100:      687.810      720.460      737.360      739.360      740.060
   105:      742.130      742.230      742.250      742.960      743.720
   110:      744.240      746.670      753.700      826.030      827.190
   115:      827.480      828.010      828.570      831.630      881.720
   120:      881.810      882.440      883.120      884.760      887.140
   125:      887.770      960.550      962.740      962.940     1010.860
   130:     1021.540     1071.190     1071.840     1113.270     1113.330
   135:     1113.860     1130.580     1178.390     1181.780     1182.360
   140:     1195.800     1195.910     1244.010     1256.300     1259.630
   145:     1260.060     1411.240     1422.850     1465.520     1510.920
   150:     1512.400     1513.010     1564.260     1564.560     1565.710
   155:     1620.780     1711.490
