File: C:\MED-PC\Data\2025-02-10_13h42m_Subject 5.3.txt


Start Date: 02/10/25
End Date: 02/10/25
Subject: 5.3
Experiment: 5HT
Group: 
Box: 7
Start Time: 13:42:42
End Time: 14:28:37
MSN: 25_IC_FR1_BothActive_Retract_Omit_60min_140reward
D:     140.000
F:      78.000
G:      62.000
H:       1.000
J:       0.000
K:      78.000
L:     124.000
M:       0.000
N:  275005.000
O:       0.000
R:       0.000
T:       0.000
U:       0.000
W:       1.000
X:      62.000
Y:       0.000
Z:       0.000
A:
     0:        0.000      237.000        0.000        1.000      600.000
     5:      400.000
B:
     0:        0.000       96.000        1.000
C:
     0:        6.000
E:
     0:        2.630        9.130       15.580       25.030       31.920
     5:       38.580       45.180       51.710       59.260       65.670
    10:       73.310       79.980       86.420      105.410      115.770
    15:      123.990      130.410      136.900      140.190      146.570
    20:      153.160      161.740      168.710      175.310      181.690
    25:      188.160      194.960      201.400      207.740      214.280
    30:      220.930      227.440      234.030      240.350      247.660
    35:      254.160      260.590      267.050      275.410      288.310
    40:      295.290      301.720      308.260      314.610      322.600
    45:      329.750      336.470      343.120      350.450      356.860
    50:      364.480      372.130      379.010      386.050      393.450
    55:      402.280      409.410      431.800      438.360      444.980
    60:      451.470      459.300      466.310      472.540      485.080
    65:      494.050      500.620      509.930      521.410      527.760
    70:      535.710      542.870      549.830      558.110      566.000
    75:      593.880      600.710      607.090      616.810      626.240
    80:      634.470      647.750      676.610      683.150      689.970
    85:      709.300      723.370      740.630      764.220      799.390
    90:      838.560      879.410      900.710      912.350      972.610
    95:     1032.000     1073.690     1120.000     1135.020     1174.580
   100:     1189.180     1276.650     1305.750     1468.140     1522.980
   105:     1558.730     1576.030     1684.120     1699.500     1817.110
   110:     1917.570     1998.990     2061.910     2145.670     2240.170
   115:     2289.680     2316.800     2348.400     2468.600     2549.360
   120:     2597.720     2609.220     2652.000     2741.250
I:
     0:        0.000        8.060       14.720       21.050       30.520
     5:       37.310       44.110       50.740       57.280       64.750
    10:       71.230       78.890       85.420       89.980      103.990
    15:      110.950      121.320      129.570      136.000      138.540
    20:      145.600      152.190      158.630      167.330      174.310
    25:      180.780      187.220      193.730      200.450      206.780
    30:      213.240      219.760      226.520      232.850      239.410
    35:      245.940      253.150      259.690      266.020      272.610
    40:      280.990      293.780      300.770      307.220      313.750
    45:      320.080      328.100      335.160      341.960      348.610
    50:      356.000      362.330      370.010      377.690      384.630
    55:      390.960      398.880      407.320      414.730      430.850
    60:      437.360      443.890      450.460      457.030      464.820
    65:      471.480      478.050      490.590      499.560      506.210
    70:      515.360      526.390      533.290      541.210      548.510
    75:      555.420      563.400      571.580      587.700      599.290
    80:      606.050      612.650      622.110      631.810      639.910
    85:      653.160      669.280      681.950      688.680      695.510
    90:      707.160      713.820      728.820      741.680      750.050
    95:      766.170      773.140      780.290      796.410      804.730
   100:      820.850      836.970      843.490      859.610      875.730
   105:      884.760      892.630      906.130      917.510      933.630
   110:      949.750      965.870      972.550      980.690      996.810
   115:     1012.930     1029.050     1044.590     1060.710     1076.830
   120:     1084.700     1100.820     1116.940     1133.060     1140.470
   125:     1156.590     1172.710     1180.040     1194.650     1210.770
   130:     1226.890     1233.750     1249.870     1265.990     1282.110
   135:     1298.230     1311.120     1327.240     1340.180     1356.300
   140:     1365.260     1373.950     1390.070     1406.190     1422.310
   145:     1438.430     1454.550     1470.670     1486.790     1502.910
   150:     1519.030     1528.390     1541.000     1557.120     1573.240
   155:     1581.510     1597.630     1613.750     1629.870     1645.990
   160:     1662.110     1678.230     1689.550     1704.930     1721.050
   165:     1737.170     1753.290     1760.370     1768.820     1777.150
   170:     1793.270     1809.390     1825.510     1841.630     1857.750
   175:     1873.870     1889.990     1906.110     1922.000     1930.250
   180:     1946.370     1962.490     1978.610     1994.730     2010.850
   185:     2026.970     2043.090     2059.210     2067.240     2083.360
   190:     2099.480     2115.600     2130.240     2146.360     2159.560
   195:     2167.870     2176.120     2192.240     2206.290     2222.410
   200:     2238.530     2254.650     2270.770     2286.890     2295.130
   205:     2311.250     2322.190     2332.700     2340.070     2353.950
   210:     2370.070     2378.670     2394.790     2408.320     2424.440
   215:     2431.630     2447.750     2463.870     2479.990     2496.110
   220:     2512.230     2528.350     2544.470     2554.830     2570.950
   225:     2587.070     2603.070     2611.700     2618.160     2634.280
   230:     2650.400     2666.520     2682.640     2698.760     2712.030
   235:     2728.150     2744.270
P:
     0:      424.840      581.690      663.270      760.160      790.400
     5:      814.840      830.960      853.600      869.720      927.620
    10:      943.740      959.860      990.800     1006.920     1023.040
    15:     1054.700     1070.820     1094.810     1110.930     1127.050
    20:     1150.580     1166.700     1204.760     1220.880     1243.860
    25:     1259.980     1276.100     1292.220     1321.230     1350.290
    30:     1384.060     1400.180     1416.300     1432.420     1448.540
    35:     1464.660     1480.780     1496.900     1513.020     1551.110
    40:     1567.230     1591.620     1607.740     1623.860     1639.980
    45:     1656.100     1672.220     1715.040     1731.160     1747.280
    50:     1787.260     1803.380     1819.500     1835.620     1851.740
    55:     1867.860     1883.980     1900.100     1940.360     1956.480
    60:     1972.600     1988.720     2004.840     2020.960     2037.080
    65:     2053.200     2077.350     2093.470     2109.590     2140.350
    70:     2186.230     2216.400     2232.520     2248.640     2264.760
    75:     2280.880     2305.240     2364.060     2388.780     2418.430
    80:     2441.740     2457.860     2473.980     2490.100     2506.220
    85:     2522.340     2538.460     2564.940     2581.060     2628.270
    90:     2644.390     2660.510     2676.630     2692.750     2722.140
    95:     2738.260
Q:
     0:       24.510       31.300       38.100       44.730       51.270
     5:       58.740       65.220       72.880       79.410       85.970
    10:      168.300      213.750      247.140      274.980      294.760
    15:      342.600      364.000      392.870      458.810      465.470
    20:      472.040      484.580      520.380      549.410      557.390
    25:      600.040      606.640      616.100      633.900      675.940
    30:      682.670      722.810      735.670      767.130      798.720
    35:      911.500     1038.580     1078.690     1174.030     1188.640
    40:     1227.740     1359.250     1522.380     1575.500     1698.920
    45:     1754.360     1762.810     1771.140     2061.230     2124.230
    50:     2153.550     2161.860     2289.120     2326.690     2334.060
    55:     2347.940     2425.620     2548.820     2597.060     2605.690
    60:     2612.150     2747.030
S:
     0:       99.990
V:
     0:        2.050        8.710       15.040      104.930      115.300
     5:      123.550      129.980      136.520      139.590      146.180
    10:      152.620      161.320      174.770      181.210      187.720
    15:      194.440      200.770      207.230      220.510      226.840
    20:      233.400      239.930      253.680      260.010      266.600
    25:      287.770      301.210      307.740      314.070      322.090
    30:      329.150      335.950      349.990      356.320      371.680
    35:      378.620      384.950      401.310      408.720      431.350
    40:      437.880      444.450      451.020      493.550      500.200
    45:      509.350      527.280      535.200      542.500      565.570
    50:      593.280      625.800      647.150      689.500      701.150
    55:      707.810      744.040      774.280      837.480      878.750
    60:      886.620      900.120      966.540      974.680     1134.460
    65:     1305.110     1334.170     1367.940     1534.990     1683.540
    70:     1915.990     1924.240     2170.110     2200.280     2316.180
    75:     2372.660     2402.310     2706.020
