File: C:\MED-PC\Data\2025-02-15_12h04m_Subject 5.1.txt


Start Date: 02/15/25
End Date: 02/15/25
Subject: 5.1
Experiment: 5HT
Group: 
Box: 11
Start Time: 12:04:11
End Time: 12:40:33
MSN: 25_IC_FR1_BothActive_Retract_Omit_60min_140reward
D:     140.000
F:      38.000
G:     102.000
H:       1.000
J:       0.000
K:      38.000
L:     127.000
M:       0.000
N:  190765.000
O:       0.000
R:       0.000
T:       0.000
U:       0.000
W:       1.000
X:     102.000
Y:       0.000
Z:       0.000
A:
     0:        0.000      189.000        0.000        3.000      600.000
     5:      400.000
B:
     0:        0.000       37.000       12.000
C:
     0:        6.000
E:
     0:        3.040       14.800       20.330       28.250       38.400
     5:       46.070       52.930       59.600       73.650       80.220
    10:       86.930       94.080      100.840      107.280      113.930
    15:      121.080      127.830      134.410      141.000      147.770
    20:      170.290      177.580      184.200      192.210      199.850
    25:      203.590      210.870      217.310      223.940      231.160
    30:      237.100      243.650      250.270      257.170      263.760
    35:      270.440      276.870      283.830      293.470      299.770
    40:      306.340      313.340      320.470      326.900      333.670
    45:      340.450      347.040      353.870      360.610      367.210
    50:      373.960      380.810      387.460      394.500      400.770
    55:      407.400      414.980      421.100      427.920      436.640
    60:      442.650      449.750      456.360      463.590      470.140
    65:      477.090      485.130      491.630      498.040      505.860
    70:      515.990      522.150      534.530      541.670      556.340
    75:      563.160      571.080      578.280      585.740      596.260
    80:      602.790      609.580      621.250      626.290      639.610
    85:      646.350      657.160      679.840      686.980      696.540
    90:      710.800      731.510      744.610      749.490      762.600
    95:      816.120      839.560      846.490      850.730      858.310
   100:      885.180      893.840      919.660      926.100      933.260
   105:      940.000      984.160      999.400     1010.090     1040.680
   110:     1078.360     1149.540     1161.520     1181.450     1206.080
   115:     1234.110     1281.680     1304.230     1312.890     1317.850
   120:     1342.480     1366.330     1459.470     1506.750     1597.100
   125:     1659.830     1788.150
I:
     0:        0.000        8.540       16.650       25.840       33.790
     5:       43.960       51.700       58.460       65.120       79.180
    10:       85.710       92.330       99.540      106.300      112.790
    15:      119.480      126.520      133.300      139.830      146.410
    20:      151.070      165.080      175.890      183.210      189.620
    25:      197.810      201.260      209.140      216.200      222.670
    30:      229.420      235.800      242.570      249.060      255.730
    35:      262.680      269.230      275.860      282.340      288.970
    40:      298.840      305.380      311.860      318.880      325.910
    45:      332.540      339.160      345.950      352.620      359.350
    50:      366.070      372.760      379.400      386.250      392.890
    55:      399.670      406.240      412.730      420.020      426.670
    60:      433.420      440.710      448.100      455.040      461.710
    65:      468.830      475.520      482.410      490.630      497.130
    70:      503.570      511.240      521.070      527.590      539.940
    75:      547.170      561.500      568.560      576.520      583.810
    80:      591.270      601.680      608.170      615.030      623.320
    85:      631.640      645.070      651.790      662.580      678.700
    90:      685.330      692.350      701.300      710.860      722.520
    95:      738.640      748.020      754.850      768.140      782.150
   100:      796.160      810.170      821.700      835.710      845.220
   105:      847.930      856.220      863.600      879.720      890.580
   110:      899.260      915.380      925.200      931.670      938.560
   115:      945.300      961.420      977.540      989.620      998.280
   120:     1008.900     1017.040     1030.810     1037.710     1053.830
   125:     1069.950     1083.500     1099.620     1107.330     1123.450
   130:     1139.570     1155.690     1166.930     1171.810     1185.820
   135:     1199.830     1210.430     1224.440     1237.730     1251.740
   140:     1265.750     1279.760     1287.110     1301.120     1309.700
   145:     1314.460     1323.150     1333.660     1342.110     1350.270
   150:     1366.390     1382.510     1398.630     1414.750     1430.870
   155:     1439.640     1455.760     1464.020     1474.570     1490.690
   160:     1504.550     1512.010     1528.130     1544.250     1560.370
   165:     1568.190     1579.560     1588.510     1604.630     1617.020
   170:     1633.140     1649.260     1665.380     1681.500     1697.620
   175:     1713.740     1729.860     1745.980     1757.600     1768.680
   180:     1779.460     1795.580     1811.700     1827.820     1843.940
   185:     1854.450     1870.040     1886.160     1902.280
P:
     0:      672.690      732.630      873.710      909.370      955.410
     5:      971.530     1047.820     1063.940     1093.610     1117.440
    10:     1133.560     1149.680     1360.380     1376.500     1392.620
    15:     1408.740     1424.860     1449.750     1484.680     1522.120
    20:     1538.240     1554.360     1598.620     1627.130     1643.250
    25:     1659.370     1675.490     1691.610     1707.730     1723.850
    30:     1739.970     1789.570     1805.690     1821.810     1837.930
    35:     1880.150     1896.270
Q:
     0:        2.530       19.830       27.780       37.950       52.450
     5:       59.110       73.170       86.320       93.530      100.290
    10:      106.780      113.470      120.510      127.290      133.820
    15:      140.400      147.060      210.190      216.660      223.410
    20:      236.560      243.050      249.720      256.670      263.220
    25:      269.850      276.330      282.960      292.830      305.850
    30:      312.870      319.900      333.150      339.940      353.340
    35:      360.060      373.390      380.240      386.880      393.660
    40:      400.230      406.720      414.010      427.410      434.700
    45:      442.090      449.030      455.700      462.820      476.400
    50:      484.620      491.120      497.560      505.230      515.060
    55:      521.580      533.930      541.160      562.550      570.510
    60:      577.800      585.260      595.670      602.160      625.630
    65:      639.060      645.780      656.570      679.320      686.340
    70:      695.290      704.850      716.510      744.010      857.590
    75:      884.570      893.250      932.550      983.610      992.270
    80:     1002.890     1011.030     1024.800     1031.700     1077.490
    85:     1101.320     1160.920     1167.800     1317.140     1327.650
    90:     1336.100     1344.260     1433.630     1498.540     1562.180
    95:     1573.550     1582.500     1611.010     1751.590     1762.670
   100:     1773.450     1904.630
S:
     0:      161.080      778.150      792.160      806.170      831.710
     5:     1181.820     1195.830     1220.440     1247.740     1261.750
    10:     1275.760     1297.120
V:
     0:       10.640       45.690       79.700      169.870      177.190
     5:      183.600      191.790      199.240      203.130      229.790
    10:      299.370      326.530      346.610      366.750      420.660
    15:      469.510      555.490      609.020      617.310      748.830
    20:      762.120      815.680      839.200      845.910      850.210
    25:      919.190      925.660      939.290     1204.410     1231.710
    30:     1281.090     1303.680     1312.440     1458.010     1468.560
    35:     1506.000     1848.440     1864.030
