File: C:\MED-PC\Data\2025-02-11_14h26m_Subject 5.4.txt


Start Date: 02/11/25
End Date: 02/11/25
Subject: 5.4
Experiment: 5HT
Group: 
Box: 8
Start Time: 14:26:09
End Time: 14:48:31
MSN: 25_IC_FR1_BothActive_Retract_Omit_60min_140reward
D:     140.000
F:      51.000
G:      89.000
H:       4.000
J:       0.000
K:      51.000
L:     138.000
M:       0.000
N:  133386.000
O:       0.000
R:       0.000
T:       0.000
U:       0.000
W:       1.000
X:      89.000
Y:       0.000
Z:       0.000
A:
     0:        0.000      155.000        0.000        5.000      600.000
     5:      400.000
B:
     0:        0.000       11.000        4.000
C:
     0:        6.000
E:
     0:        1.990        8.460       21.510       28.210       35.360
     5:       42.140       48.690       55.480       62.640       81.510
    10:       89.330       96.600      103.370      109.950      114.080
    15:      120.850      127.560      135.250      142.000      148.810
    20:      155.390      161.850      168.620      175.160      181.700
    25:      188.380      195.190      201.670      211.960      224.780
    30:      234.590      246.450      253.990      257.590      264.470
    35:      271.250      277.750      284.540      291.200      297.790
    40:      304.050      310.440      316.740      323.480      330.040
    45:      341.230      351.790      362.930      374.620      395.740
    50:      400.610      407.100      413.740      420.110      426.570
    55:      433.220      439.440      446.610      453.270      460.640
    60:      469.080      475.700      482.410      489.440      496.130
    65:      502.640      509.440      516.020      522.350      529.080
    70:      535.500      545.130      554.860      565.640      585.970
    75:      594.090      597.680      604.570      611.200      617.500
    80:      623.950      634.240      638.430      645.010      651.380
    85:      658.260      664.760      671.580      678.160      688.050
    90:      694.460      700.890      708.030      714.520      722.340
    95:      731.230      738.090      744.940      749.370      757.220
   100:      765.210      788.970      798.240      802.030      810.860
   105:      823.390      830.000      836.760      859.470      866.930
   110:      876.530      905.820      913.860      941.630      946.780
   115:      959.160      973.380      982.230      990.420     1019.950
   120:     1042.790     1050.590     1061.580     1071.790     1086.870
   125:     1099.400     1123.730     1139.760     1157.200     1168.230
   130:     1191.300     1226.460     1236.300     1276.900     1281.940
   135:     1290.520     1316.780     1324.000
I:
     0:        0.000        7.140       13.780       20.160       26.750
     5:       33.480       40.530       47.470       53.850       60.780
    10:       65.830       79.840       86.980       94.710      102.060
    15:      108.870      111.490      119.590      126.360      133.010
    20:      140.710      147.370      154.080      160.730      167.260
    25:      173.920      180.510      187.070      193.750      200.540
    30:      205.020      217.080      230.180      240.070      251.890
    35:      255.480      263.070      269.980      276.630      283.080
    40:      289.870      296.500      302.960      309.350      315.690
    45:      322.080      328.620      333.380      346.750      357.270
    50:      368.400      380.140      394.150      397.200      406.050
    55:      412.460      419.080      425.460      431.840      438.390
    60:      444.750      451.870      458.490      466.070      474.580
    65:      481.070      487.720      494.600      501.470      508.010
    70:      514.740      521.330      527.740      534.350      538.860
    75:      550.590      560.270      570.990      585.000      591.510
    80:      595.310      603.180      609.940      616.510      622.980
    85:      629.310      637.030      643.740      650.300      656.730
    90:      663.440      670.210      677.080      683.510      693.190
    95:      699.770      706.220      713.390      719.860      726.590
   100:      736.520      743.440      748.260      754.780      762.720
   105:      770.560      784.570      794.400      799.670      807.500
   110:      816.190      828.710      835.410      842.150      858.270
   115:      864.940      872.350      881.800      897.920      911.230
   120:      919.060      928.180      944.300      952.260      964.630
   125:      978.740      987.720      995.900     1012.020     1025.200
   130:     1041.320     1048.290     1056.100     1066.870     1076.630
   135:     1091.610     1104.790     1120.910     1129.210     1145.140
   140:     1160.220     1173.670     1189.790     1196.280     1212.400
   145:     1222.290     1234.170     1244.610     1260.730     1276.850
   150:     1287.460     1295.850     1311.970     1322.160     1328.490
P:
     0:      852.260      891.910      938.290     1006.010     1035.310
     5:     1114.900     1183.780     1206.390     1254.720     1270.840
    10:     1305.960
Q:
     0:        1.130        7.770       14.150       20.740       27.470
     5:       34.520       41.460       47.840       54.770       61.820
    10:      141.360      148.070      154.720      161.250      167.910
    15:      174.500      181.060      187.740      194.530      201.010
    20:      270.620      277.070      283.860      290.490      296.950
    25:      303.340      309.680      316.070      322.610      329.370
    30:      406.450      413.070      419.450      425.830      432.380
    35:      438.740      445.860      452.480      475.060      481.710
    40:      488.590      495.460      502.000      508.730      515.320
    45:      521.730      528.340      534.850      603.930      610.500
    50:      616.970      623.300      631.020      637.730      644.290
    55:      650.720      657.430      677.500      687.180      693.760
    60:      700.210      707.380      713.850      720.580      730.510
    65:      737.430      744.250      810.180      822.700      829.400
    70:      836.140      875.790      905.220      913.050      922.170
    75:      972.730     1019.190     1060.860     1070.620     1139.130
    80:     1154.210     1190.270     1216.280     1228.160     1238.600
    85:     1289.840     1316.150     1322.480     1330.840
S:
     0:       75.840      390.150      581.000      780.570
V:
     0:       80.960       88.690       96.040      102.850      109.470
     5:      113.580      120.350      127.000      134.700      211.060
    10:      224.160      234.050      245.870      253.460      257.060
    15:      263.970      340.730      351.250      362.380      374.120
    20:      395.180      400.040      460.060      468.570      544.570
    25:      554.250      564.970      585.490      593.290      597.170
    30:      664.200      671.070      748.760      756.700      764.540
    35:      788.380      797.650      801.490      858.930      866.340
    40:      946.250      958.620      981.710      989.890     1042.280
    45:     1050.090     1085.600     1098.780     1123.200     1167.660
    50:     1281.450
