File: C:\MED-PC\Data\2025-02-13_13h00m_Subject 5.4.txt


Start Date: 02/13/25
End Date: 02/13/25
Subject: 5.4
Experiment: 5HT
Group: 
Box: 8
Start Time: 13:00:12
End Time: 13:30:59
MSN: 25_IC_FR1_BothActive_Retract_Omit_60min_140reward
D:     140.000
F:      57.000
G:      83.000
H:       4.000
J:       0.000
K:      57.000
L:     137.000
M:       0.000
N:  183437.000
O:       0.000
R:       0.000
T:       0.000
U:       0.000
W:       1.000
X:      83.000
Y:       0.000
Z:       0.000
A:
     0:        0.000      184.000        0.000        4.000      600.000
     5:      400.000
B:
     0:        0.000       42.000        2.000
C:
     0:        6.000
E:
     0:        5.760       12.320       19.060       25.790       32.430
     5:       44.140       50.510       56.980       63.440       70.320
    10:       81.420       89.100       97.890      106.450      113.980
    15:      120.670      127.260      133.700      140.180      146.950
    20:      153.390      159.780      166.630      173.000      179.460
    25:      191.980      205.460      212.670      225.740      237.050
    30:      241.080      248.450      255.840      262.610      269.160
    35:      275.870      282.660      289.310      295.750      302.350
    40:      308.980      315.490      322.010      340.410      352.210
    45:      358.730      369.660      380.740      384.270      391.030
    50:      397.470      404.140      410.700      417.050      423.670
    55:      431.200      436.660      443.320      449.640      460.950
    60:      469.140      475.830      498.060      505.610      508.780
    65:      515.570      539.650      552.250      557.130      564.430
    70:      577.610      581.780      591.940      598.240      604.860
    75:      611.260      617.810      624.500      630.920      637.240
    80:      646.120      651.150      657.690      664.200      670.860
    85:      677.510      686.830      693.490      699.920      706.680
    90:      713.260      719.760      726.500      733.050      739.690
    95:      748.600      754.660      761.550      767.990      774.940
   100:      785.330      795.900      804.240      810.770      822.140
   105:      825.480      832.250      838.610      849.560      856.040
   110:      862.740      870.730      896.540      905.600      912.050
   115:      923.470      927.030      956.500      967.300      974.110
   120:      986.560     1027.440     1056.050     1066.000     1076.620
   125:     1121.290     1159.050     1375.120     1416.150     1457.060
   130:     1526.790     1529.720     1587.490     1683.920     1772.240
   135:     1787.710     1832.310
I:
     0:        0.000       11.300       17.800       24.550       31.340
     5:       37.840       49.360       55.930       62.450       68.890
    10:       75.830       86.940       94.610      103.440      112.050
    15:      119.510      126.150      132.740      139.180      145.680
    20:      152.380      158.820      165.270      171.940      178.410
    25:      182.910      197.430      210.940      218.200      231.180
    30:      238.540      246.590      253.960      261.260      268.050
    35:      274.610      281.250      288.060      294.710      301.200
    40:      307.760      314.320      320.850      325.380      339.390
    45:      345.890      357.760      364.240      375.170      382.280
    50:      389.780      396.430      402.910      409.540      416.100
    55:      422.520      428.990      435.650      442.100      448.540
    60:      452.970      466.430      474.630      481.320      495.330
    65:      502.810      507.020      514.260      521.000      537.120
    70:      544.130      551.740      562.590      569.140      577.080
    75:      587.200      597.180      603.640      610.240      616.670
    80:      623.180      629.700      636.290      642.710      649.250
    85:      656.540      663.000      669.630      676.050      682.820
    90:      692.290      698.890      705.380      712.200      718.680
    95:      725.200      731.860      738.340      745.100      753.530
   100:      760.040      767.000      773.450      778.220      790.810
   105:      801.420      809.650      816.270      823.630      830.960
   110:      837.620      844.060      855.020      861.460      868.030
   115:      876.110      892.230      901.670      910.060      917.370
   120:      924.180      932.390      948.510      961.830      972.800
   125:      979.320      990.990     1007.110     1023.230     1032.260
   130:     1048.380     1061.500     1071.500     1081.880     1098.000
   135:     1114.120     1126.660     1141.750     1157.870     1173.990
   140:     1190.110     1206.230     1222.350     1238.470     1254.060
   145:     1270.180     1286.300     1302.420     1318.540     1334.660
   150:     1350.780     1358.810     1374.930     1390.340     1406.460
   155:     1422.580     1438.700     1454.820     1462.080     1478.200
   160:     1494.320     1510.440     1521.210     1535.090     1544.370
   165:     1560.490     1576.610     1592.730     1608.850     1624.970
   170:     1641.090     1657.210     1673.330     1688.520     1704.640
   175:     1720.760     1736.880     1753.000     1769.120     1777.620
   180:     1792.890     1800.810     1809.450     1825.570
P:
     0:      531.110      886.220      942.500     1001.100     1017.220
     5:     1042.370     1091.990     1108.110     1151.860     1167.980
    10:     1184.100     1200.220     1216.340     1232.460     1264.170
    15:     1280.290     1296.410     1312.530     1328.650     1344.770
    20:     1368.920     1400.450     1416.570     1432.690     1448.810
    25:     1472.190     1488.310     1504.430     1554.480     1570.600
    30:     1586.720     1602.840     1618.960     1635.080     1651.200
    35:     1667.320     1698.630     1714.750     1730.870     1746.990
    40:     1763.110     1819.560
Q:
     0:       11.790       43.350       49.920       56.440       62.880
     5:      120.140      126.730      133.170      139.670      146.370
    10:      152.810      159.260      165.930      172.400      178.900
    15:      262.040      268.600      275.240      282.050      288.700
    20:      295.190      301.750      308.310      314.840      321.370
    25:      390.420      396.900      403.530      410.090      416.510
    30:      422.980      429.640      436.090      442.530      448.960
    35:      538.120      563.130      571.070      591.170      597.630
    40:      604.230      610.660      617.170      623.690      630.280
    45:      636.700      643.240      656.990      663.620      670.040
    50:      676.810      692.880      699.370      712.670      719.190
    55:      725.850      732.330      739.090      747.520      754.030
    60:      760.990      767.440      774.210      855.450      862.020
    65:      895.660      904.050      918.170      955.820      973.310
    70:      984.980     1026.250     1075.870     1135.740     1248.050
    75:     1352.800     1384.330     1515.200     1682.510     1786.880
    80:     1794.800     1803.440     1831.350
S:
     0:      335.390      491.330
V:
     0:        5.290       18.540       25.330       31.830       69.820
     5:       80.930       88.600       97.430      106.040      113.500
    10:      191.410      204.920      212.180      225.160      236.520
    15:      240.580      247.950      255.250      339.870      351.740
    20:      358.220      369.150      380.260      383.770      460.410
    25:      468.610      475.300      496.790      505.000      508.250
    30:      514.990      545.730      556.580      581.190      650.530
    35:      686.280      706.190      784.790      795.400      803.630
    40:      810.250      821.610      824.950      831.610      838.050
    45:      849.010      870.100      911.360      926.380      966.790
    50:     1055.490     1065.490     1120.650     1456.070     1529.080
    55:     1538.360     1771.610
