File: C:\MED-PC\Data\2025-02-05_13h32m_Subject 6.2.txt


Start Date: 02/05/25
End Date: 02/05/25
Subject: 6.2
Experiment: 5HT
Group: 
Box: 10
Start Time: 13:32:01
End Time: 14:04:48
MSN: 25_IC_FR1_BothActive_Retract_Omit_60min_140reward
D:     140.000
F:      73.000
G:      67.000
H:       0.000
J:       0.000
K:      73.000
L:      81.000
M:       0.000
N:  196145.000
O:       0.000
R:       0.000
T:       0.000
U:       2.000
W:       1.000
X:      67.000
Y:       0.000
Z:       0.000
A:
     0:        0.000      183.000        0.000        1.000      600.000
     5:      400.000
B:
     0:        0.000       41.000        2.000
C:
     0:        6.000
E:
     0:       20.780       45.170       55.030       86.770       97.100
     5:      104.000      130.190      137.300      143.510      153.720
    10:      162.990      171.060      178.770      187.510      196.350
    15:      205.380      243.830      252.140      258.590      266.470
    20:      273.250      296.710      307.280      314.480      326.900
    25:      339.330      356.960      413.880      429.910      436.910
    30:      452.120      458.420      479.190      485.860      498.320
    35:      550.370      565.120      668.760      684.170      725.810
    40:      792.460      825.320      837.120      852.240      860.750
    45:      914.270      924.380      933.430      945.990      970.810
    50:     1005.660     1072.200     1193.620     1248.010     1303.760
    55:     1312.240     1418.550     1444.470     1448.190     1452.330
    60:     1477.520     1507.630     1517.020     1563.800     1579.490
    65:     1618.100     1622.240     1641.630     1688.090     1729.270
    70:     1752.450     1770.980     1782.400     1786.410     1795.070
    75:     1797.850     1854.340     1860.410     1895.660     1902.970
    80:     1929.820
I:
     0:        0.000       16.120       26.010       42.130       50.090
     5:       60.040       76.160       92.020      101.830      108.610
    10:      124.730      135.290      142.000      148.740      158.880
    15:      167.580      174.960      184.060      192.060      201.820
    20:      208.730      224.850      240.970      249.250      257.340
    25:      263.890      271.890      278.590      294.710      301.950
    30:      312.580      319.410      332.190      339.190      355.310
    35:      362.370      378.490      394.610      410.730      419.160
    40:      435.250      442.040      449.010      455.630      463.760
    45:      475.780      484.530      491.080      499.830      506.690
    50:      514.020      522.260      538.380      545.180      561.300
    55:      569.790      576.120      591.820      599.790      615.910
    60:      632.030      648.150      658.350      664.930      681.050
    65:      688.840      704.960      720.940      727.460      743.580
    70:      759.700      775.820      790.890      797.660      813.780
    75:      827.060      833.520      842.160      857.700      865.970
    80:      873.570      883.910      896.060      909.010      915.800
    85:      923.800      931.340      938.510      947.890      954.320
    90:      964.770      971.820      980.610      996.730     1010.860
    95:     1026.980     1037.860     1047.000     1054.070     1070.190
   100:     1077.370     1093.490     1109.610     1118.040     1124.650
   105:     1133.650     1149.770     1159.030     1175.150     1182.170
   110:     1196.430     1212.550     1228.670     1243.080     1251.030
   115:     1259.330     1272.290     1280.540     1287.590     1303.710
   120:     1315.130     1325.450     1336.140     1346.650     1357.220
   125:     1373.340     1380.110     1392.580     1398.180     1412.190
   130:     1423.160     1437.170     1444.830     1451.430     1457.670
   135:     1460.620     1475.560     1482.160     1490.050     1501.020
   140:     1511.210     1522.100     1538.220     1554.340     1560.890
   145:     1568.310     1575.590     1584.550     1592.260     1608.380
   150:     1619.810     1627.150     1635.740     1651.860     1665.770
   155:     1673.710     1681.100     1693.340     1705.290     1721.410
   160:     1734.440     1741.550     1750.400     1757.650     1766.080
   165:     1774.020     1780.350     1789.720     1796.370     1803.030
   170:     1819.150     1835.270     1848.150     1856.440     1863.120
   175:     1873.490     1885.640     1898.760     1907.860     1922.180
   180:     1933.860     1949.980     1957.470
P:
     0:       10.110       36.120       70.150      118.720      218.840
     5:      234.960      288.700      349.300      372.480      388.600
    10:      404.720      532.370      555.290      609.900      626.020
    15:      642.140      675.040      698.950      737.570      753.690
    20:      769.810      807.770      990.720     1020.970     1064.180
    25:     1087.480     1103.600     1143.760     1169.140     1206.540
    30:     1222.660     1297.700     1367.330     1532.210     1548.330
    35:     1602.370     1645.850     1715.400     1813.140     1829.260
    40:     1943.970
Q:
     0:       20.000      129.280      142.730      152.870      161.570
     5:      168.950      251.330      257.880      306.570      313.400
    10:      413.150      429.240      436.030      449.620      485.070
    15:      493.820      539.170      658.920      714.930      791.650
    20:      821.050      827.510      836.150      867.560      877.900
    25:      890.050      903.000      917.790      925.330      941.880
    30:      974.600     1031.850     1040.990     1048.060     1127.640
    35:     1176.160     1274.530     1281.580     1309.120     1319.440
    40:     1330.130     1340.640     1351.210     1374.100     1386.570
    45:     1394.170     1476.150     1484.040     1495.010     1586.250
    50:     1613.800     1659.760     1675.090     1687.330     1699.280
    55:     1728.430     1735.540     1744.390     1760.070     1774.340
    60:     1797.020     1842.140     1857.110     1879.630     1901.850
    65:     1916.170     1927.850
S:
     0:     1408.190     1433.170
V:
     0:       44.080       54.030       86.010       95.820      102.600
     5:      135.990      178.050      186.050      195.810      202.720
    10:      243.240      265.880      272.580      295.940      326.180
    15:      333.180      356.360      443.000      457.750      469.770
    20:      478.520      500.680      508.010      516.250      563.780
    25:      570.110      585.810      593.780      652.340      682.830
    30:      721.450      784.880      851.690      859.960      909.790
    35:      932.500      948.310      958.760      965.810     1004.850
    40:     1071.360     1112.030     1118.640     1153.020     1190.420
    45:     1237.070     1245.020     1253.320     1266.280     1417.140
    50:     1438.810     1445.410     1451.650     1458.600     1469.550
    55:     1505.200     1516.090     1554.880     1562.300     1569.580
    60:     1578.540     1621.140     1629.730     1667.700     1751.640
    65:     1768.010     1783.710     1790.360     1850.430     1867.480
    70:     1892.750     1951.460     1958.430
