File: C:\MED-PC\Data\2025-02-12_13h54m_Subject 6.3.txt


Start Date: 02/12/25
End Date: 02/12/25
Subject: 6.3
Experiment: 5HT
Group: 
Box: 11
Start Time: 13:54:55
End Time: 14:21:33
MSN: 25_IC_FR1_BothActive_Retract_Omit_60min_140reward
D:     140.000
F:      89.000
G:      51.000
H:       0.000
J:       0.000
K:      89.000
L:      84.000
M:       0.000
N:  159377.000
O:       0.000
R:       0.000
T:       0.000
U:       2.000
W:       1.000
X:      51.000
Y:       0.000
Z:       0.000
A:
     0:        0.000      167.000        2.000        0.000      600.000
     5:      400.000
B:
     0:        0.000       25.000        2.000
C:
     0:        6.000
E:
     0:       25.820       32.920       40.090       46.630       70.170
     5:       76.580       84.840       91.140       98.060      106.320
    10:      113.930      120.630      127.640      135.030      163.820
    15:      172.720      180.750      187.010      196.010      202.330
    20:      209.060      215.750      229.400      244.670      252.720
    25:      258.510      265.560      269.630      276.240      282.970
    30:      289.350      296.370      304.380      314.200      323.020
    35:      329.660      336.010      344.940      351.210      357.960
    40:      378.460      385.150      411.000      416.380      423.490
    45:      427.530      434.460      446.370      452.580      461.100
    50:      466.150      473.700      485.690      496.420      501.850
    55:      511.390      537.240      550.570      556.940      564.740
    60:      576.550      582.480      594.900      636.990      645.170
    65:      677.090      707.300      730.100      743.800      777.500
    70:      830.560      864.460      878.950      907.390      938.490
    75:      968.990      993.310     1062.630     1081.670     1116.710
    80:     1154.740     1248.360     1374.610     1497.100
I:
     0:        0.000       16.120       30.690       38.150       45.510
     5:       52.120       68.240       75.150       81.760       90.120
    10:       96.490      103.200      111.650      119.370      125.980
    15:      132.750      140.270      156.390      169.030      177.710
    20:      185.760      192.330      200.930      207.580      214.430
    25:      219.090      234.680      250.010      256.830      263.680
    30:      266.630      274.970      281.580      288.270      294.780
    35:      301.710      309.730      319.600      328.550      334.980
    40:      341.440      350.130      356.510      361.300      375.310
    45:      383.750      390.390      404.400      415.440      421.770
    50:      424.580      432.760      439.400      451.510      457.960
    55:      464.800      471.220      478.930      489.730      500.750
    60:      507.170      516.410      532.530      542.020      549.170
    65:      555.670      562.240      569.900      576.300      586.520
    70:      593.250      599.650      613.350      629.470      641.530
    75:      650.300      666.420      675.030      682.180      688.610
    80:      704.730      718.240      734.360      740.800      747.280
    85:      756.190      772.310      781.780      797.900      804.320
    90:      810.980      827.100      834.260      850.380      857.830
    95:      865.430      871.840      884.060      897.810      912.280
   100:      920.590      927.720      936.840      943.260      959.380
   105:      965.850      973.580      989.700      997.790     1005.500
   110:     1018.240     1030.980     1047.100     1063.220     1079.340
   115:     1086.160     1095.180     1101.820     1108.190     1121.430
   120:     1136.820     1152.940     1169.060     1184.410     1191.430
   125:     1205.120     1214.460     1222.860     1231.830     1238.290
   130:     1254.410     1260.980     1277.100     1286.810     1294.530
   135:     1301.120     1308.100     1316.080     1324.210     1332.860
   140:     1348.980     1355.460     1371.580     1378.050     1384.450
   145:     1396.110     1406.570     1413.280     1425.070     1431.490
   150:     1437.960     1448.490     1455.030     1461.620     1473.920
   155:     1490.040     1499.710     1506.400     1512.890     1521.330
   160:     1528.130     1535.000     1542.200     1548.630     1564.750
   165:     1574.290     1581.990
P:
     0:       10.110       62.230      150.380      526.520      623.460
     5:      660.410      698.720      728.350      766.300      791.890
    10:      821.090      844.370      953.370      983.690     1041.090
    15:     1057.210     1073.330     1146.930     1163.050     1248.400
    20:     1271.090     1342.970     1365.570     1484.030     1558.740
Q:
     0:       69.140       75.750       97.190      119.970      228.660
     5:      243.990      250.810      257.660      264.610      275.570
    10:      282.260      377.730      384.370      409.420      415.750
    15:      422.560      426.750      433.390      445.500      472.920
    20:      494.740      536.010      549.660      563.890      580.510
    25:      587.240      607.340      635.520      775.770      859.420
    30:      878.050      906.270      930.830      937.250      991.780
    35:      999.490     1089.170     1115.420     1178.400     1208.450
    40:     1225.820     1302.090     1318.200     1372.040     1419.060
    45:     1455.610     1493.700     1515.320     1522.120     1536.190
    50:     1568.280
S:
     0:      371.310      400.400
V:
     0:       24.680       32.140       39.500       46.110       84.110
     5:       90.480      105.640      113.360      126.740      134.260
    10:      163.020      171.700      179.750      186.320      194.920
    15:      201.570      208.420      215.080      268.960      288.770
    20:      295.700      303.720      313.590      322.540      328.970
    25:      335.430      344.120      350.500      357.290      451.950
    30:      458.790      465.210      483.720      501.160      510.400
    35:      543.160      556.230      570.290      593.640      644.290
    40:      669.020      676.170      682.600      712.230      734.790
    45:      741.270      750.180      798.310      804.970      828.250
    50:      851.820      865.830      891.800      914.580      921.710
    55:      959.840      967.570     1012.230     1024.970     1080.150
    60:     1095.810     1102.180     1130.810     1185.420     1199.110
    65:     1216.850     1232.280     1254.970     1280.800     1288.520
    70:     1295.110     1310.070     1326.850     1349.450     1378.440
    75:     1390.100     1400.560     1407.270     1425.480     1431.950
    80:     1442.480     1449.020     1467.910     1500.390     1506.880
    85:     1528.990     1542.620     1575.980     1590.750
