File: C:\MED-PC\Data\2025-01-29_12h24m_Subject 1.3.txt


Start Date: 01/29/25
End Date: 01/29/25
Subject: 1.3
Experiment: 
Group: 
Box: 3
Start Time: 12:24:32
End Time: 13:33:34
MSN: LD_FR1_LeftLever_30min_40reward_RightLever_30min_40reward
A:      38.000
B:       0.000
C:       0.000
D:      37.000
F:       0.000
G:       0.000
H:       0.000
J:       0.000
K:      37.000
L:      22.000
M:       0.000
N:  360001.000
O:       0.000
P:       0.000
R:       0.000
S:       0.000
T:       0.000
U:       0.000
W:       0.000
X:       0.000
Y:       0.000
Z:       0.000
E:
     0:      188.020      579.160      603.530      774.970      936.140
     5:     1175.280     1259.630     1314.520     1352.480     1396.120
    10:     1468.020     1684.830     1698.660     1713.360     1742.360
    15:     1782.060     1968.140     2378.570     2925.110     3185.520
    20:     3337.800     3566.980
I:
     0:        0.000        0.100      186.200      578.450      592.840
     5:      616.390      621.820      630.710      750.880      774.100
    10:      837.090      926.820     1113.990     1143.660     1147.080
    15:     1183.200     1244.010     1301.010     1347.580     1352.430
    20:     1382.250     1463.820     1685.180     1696.350     1699.750
    25:     1711.870     1742.650     1772.020     1962.540     1968.240
    30:     2366.080     2370.340     2379.030     2926.840     3185.980
    35:     3329.650     3339.800     3562.340     3566.470        0.000
    40:        0.000        0.000        0.000        0.000        0.000
    45:        0.000        0.000        0.000        0.000        0.000
    50:        0.000        0.000        0.000        0.000        0.000
    55:        0.000        0.000        0.000        0.000        0.000
    60:        0.000        0.000        0.000        0.000        0.000
    65:        0.000        0.000        0.000        0.000        0.000
    70:        0.000        0.000        0.000        0.000        0.000
    75:        0.000        0.000        0.000        0.000        0.000
    80:        0.000
Q:
     0:     3563.360        0.000        0.000        0.000        0.000
     5:        0.000        0.000        0.000        0.000        0.000
    10:        0.000        0.000        0.000        0.000        0.000
    15:        0.000        0.000        0.000        0.000        0.000
    20:        0.000        0.000        0.000        0.000        0.000
    25:        0.000        0.000        0.000        0.000        0.000
    30:        0.000        0.000        0.000        0.000        0.000
    35:        0.000        0.000        0.000        0.000        0.000
    40:        0.000        0.000        0.000        0.000        0.000
    45:        0.000        0.000        0.000        0.000        0.000
    50:        0.000        0.000        0.000        0.000        0.000
    55:        0.000        0.000        0.000        0.000        0.000
    60:        0.000        0.000        0.000        0.000        0.000
    65:        0.000        0.000        0.000        0.000        0.000
    70:        0.000        0.000        0.000        0.000        0.000
    75:        0.000        0.000        0.000        0.000        0.000
    80:        0.000
V:
     0:        0.000        0.000        0.000        0.000        0.000
     5:        0.000        0.000        0.000        0.000        0.000
    10:        0.000        0.000        0.000        0.000        0.000
    15:        0.000        0.000        0.000        0.000        0.000
    20:        0.000        0.000        0.000        0.000        0.000
    25:        0.000        0.000        0.000        0.000        0.000
    30:        0.000        0.000        0.000        0.000        0.000
    35:        0.000        0.000        0.000        0.000        0.000
    40:        0.000        0.000        0.000        0.000        0.000
    45:        0.000        0.000        0.000        0.000        0.000
    50:        0.000        0.000        0.000        0.000        0.000
    55:        0.000        0.000        0.000        0.000        0.000
    60:        0.000        0.000        0.000        0.000        0.000
    65:        0.000        0.000        0.000        0.000        0.000
    70:        0.000        0.000        0.000        0.000        0.000
    75:        0.000        0.000        0.000        0.000        0.000
    80:        0.000
