File: C:\MED-PC\Data\2025-02-10_12h45m_Subject 1.4.txt


Start Date: 02/10/25
End Date: 02/10/25
Subject: 1.4
Experiment: 5HT
Group: 
Box: 4
Start Time: 12:45:17
End Time: 13:09:43
MSN: 25_IC_FR1_BothActive_Retract_Omit_60min_140reward
D:     140.000
F:      75.000
G:      65.000
H:       0.000
J:       0.000
K:      75.000
L:     136.000
M:       0.000
N:  146013.000
O:       0.000
R:       0.000
T:       0.000
U:       1.000
W:       1.000
X:      65.000
Y:       0.000
Z:       0.000
A:
     0:        0.000      156.000        0.000        0.000      600.000
     5:      400.000
B:
     0:        0.000       16.000        0.000
C:
     0:        6.000
E:
     0:       23.000       37.710       60.030       70.060       77.240
     5:       84.180       91.070      102.290      110.650      122.080
    10:      133.400      142.310      149.070      156.330      166.780
    15:      171.160      178.940      193.820      201.450      210.260
    20:      217.060      225.300      234.050      240.850      247.720
    25:      254.720      261.380      270.680      279.090      285.690
    30:      292.650      299.480      309.030      316.760      323.970
    35:      334.240      345.050      352.390      358.710      368.450
    40:      377.110      384.760      394.220      400.700      409.750
    45:      418.200      425.520      432.150      439.990      446.950
    50:      453.750      461.390      468.460      475.040      483.310
    55:      490.910      501.510      509.450      520.010      533.160
    60:      539.660      546.410      553.020      560.430      567.870
    65:      574.540      582.640      588.800      595.300      606.050
    70:      612.480      622.350      630.450      636.660      648.450
    75:      655.470      663.630      670.340      678.510      685.770
    80:      692.490      700.170      707.510      713.900      721.000
    85:      733.140      741.210      748.140      754.940      763.000
    90:      768.800      777.910      785.190      793.160      800.900
    95:      809.950      816.440      823.080      830.270      853.570
   100:      860.120      866.650      874.830      884.900      891.450
   105:      923.320      935.890      945.660      952.710      959.220
   110:      982.090      996.450     1008.130     1013.630     1026.920
   115:     1040.000     1064.660     1082.140     1093.710     1108.120
   120:     1115.220     1154.480     1188.060     1225.110     1268.710
   125:     1316.230     1322.700     1331.310     1356.480     1363.000
   130:     1390.530     1402.040     1410.670     1423.510     1432.400
   135:     1457.680
I:
     0:        0.000       16.120       27.320       42.590       58.710
     5:       65.440       75.550       82.640       89.680       96.500
    10:      107.440      115.490      127.550      138.880      147.690
    15:      154.360      161.890      169.320      176.070      184.020
    20:      198.850      206.930      215.860      222.480      230.870
    25:      239.550      246.420      253.330      260.210      266.870
    30:      276.200      284.590      291.210      298.050      305.030
    35:      314.270      322.190      329.260      339.770      350.440
    40:      357.770      364.220      373.970      382.600      389.660
    45:      399.740      406.210      415.380      423.720      430.760
    50:      437.260      445.440      452.470      459.200      466.920
    55:      473.880      480.600      488.770      496.250      506.550
    60:      515.010      525.560      538.690      545.230      552.010
    65:      558.470      565.630      573.280      579.610      587.960
    70:      594.370      600.920      610.890      618.180      627.930
    75:      635.760      642.200      653.740      660.740      669.080
    80:      675.890      684.150      691.330      697.830      705.230
    85:      712.640      719.450      726.610      738.660      746.650
    90:      753.570      760.090      767.840      774.410      783.310
    95:      790.510      798.300      806.390      815.430      822.130
   100:      828.740      835.880      852.000      858.930      865.720
   105:      872.210      880.240      890.480      897.100      913.220
   110:      928.910      941.460      951.130      958.260      964.880
   115:      981.000      987.600     1001.350     1010.650     1018.320
   120:     1032.550     1045.540     1061.660     1069.870     1079.850
   125:     1087.510     1098.550     1113.510     1120.070     1129.610
   130:     1145.730     1159.010     1169.280     1185.400     1193.080
   135:     1209.200     1223.230     1230.510     1246.630     1262.750
   140:     1273.960     1290.080     1306.200     1320.960     1328.020
   145:     1336.480     1352.600     1361.930     1368.350     1384.470
   150:     1395.390     1407.340     1415.930     1428.880     1437.910
   155:     1454.030
P:
     0:       10.110       52.700      845.990      907.210      974.990
     5:     1055.650     1139.720     1179.390     1203.190     1240.620
    10:     1256.740     1284.070     1300.190     1346.590     1378.460
    15:     1448.020
Q:
     0:       36.580       76.630      121.540      148.350      155.880
     5:      163.310      178.010      200.920      216.470      224.860
    10:      247.320      260.860      299.020      308.260      344.430
    15:      358.210      367.960      400.200      431.250      439.430
    20:      453.190      474.590      482.760      500.540      559.620
    25:      567.270      581.950      594.910      621.920      629.750
    30:      647.730      663.070      669.880      678.140      691.820
    35:      706.630      732.650      740.640      747.560      761.830
    40:      784.500      792.290      800.380      809.420      816.120
    45:      822.730      829.870      852.920      859.710      874.230
    50:      891.090      945.120      958.870     1004.640     1026.540
    55:     1063.860     1081.500     1107.500     1123.600     1163.270
    60:     1224.500     1314.950     1330.470     1355.920     1431.900
S:
     0:        0.000        0.000        0.000        0.000        0.000
     5:        0.000        0.000        0.000        0.000        0.000
    10:        0.000        0.000        0.000        0.000        0.000
    15:        0.000        0.000        0.000        0.000        0.000
    20:        0.000        0.000        0.000        0.000        0.000
    25:        0.000        0.000        0.000        0.000        0.000
    30:        0.000        0.000        0.000        0.000        0.000
    35:        0.000        0.000        0.000        0.000        0.000
    40:        0.000        0.000        0.000        0.000        0.000
    45:        0.000        0.000        0.000        0.000        0.000
    50:        0.000        0.000        0.000        0.000        0.000
    55:        0.000        0.000        0.000        0.000        0.000
    60:        0.000        0.000        0.000        0.000        0.000
    65:        0.000        0.000        0.000        0.000        0.000
    70:        0.000        0.000        0.000        0.000        0.000
    75:        0.000        0.000        0.000        0.000        0.000
    80:        0.000        0.000        0.000        0.000        0.000
    85:        0.000        0.000        0.000        0.000        0.000
    90:        0.000        0.000        0.000        0.000        0.000
    95:        0.000        0.000        0.000        0.000        0.000
   100:        0.000        0.000        0.000        0.000        0.000
   105:        0.000        0.000        0.000        0.000        0.000
   110:        0.000        0.000        0.000        0.000        0.000
   115:        0.000        0.000        0.000        0.000        0.000
   120:        0.000        0.000        0.000        0.000        0.000
   125:        0.000        0.000        0.000        0.000        0.000
   130:        0.000        0.000        0.000        0.000        0.000
   135:        0.000        0.000        0.000        0.000        0.000
   140:        0.000        0.000        0.000        0.000        0.000
   145:        0.000        0.000        0.000        0.000        0.000
   150:        0.000        0.000        0.000        0.000        0.000
   155:        0.000        0.000        0.000        0.000        0.000
   160:        0.000        0.000        0.000        0.000        0.000
   165:        0.000        0.000        0.000        0.000        0.000
   170:        0.000        0.000        0.000        0.000        0.000
   175:        0.000        0.000        0.000        0.000        0.000
   180:        0.000        0.000        0.000        0.000        0.000
   185:        0.000        0.000        0.000        0.000        0.000
   190:        0.000        0.000        0.000        0.000        0.000
   195:        0.000        0.000        0.000        0.000        0.000
   200:        0.000        0.000        0.000        0.000        0.000
   205:        0.000        0.000        0.000        0.000        0.000
   210:        0.000        0.000        0.000        0.000        0.000
   215:        0.000        0.000        0.000        0.000        0.000
   220:        0.000        0.000        0.000        0.000        0.000
   225:        0.000        0.000        0.000        0.000        0.000
   230:        0.000        0.000        0.000        0.000        0.000
   235:        0.000        0.000        0.000        0.000        0.000
   240:        0.000        0.000        0.000        0.000        0.000
   245:        0.000        0.000        0.000        0.000        0.000
   250:        0.000        0.000        0.000        0.000        0.000
   255:        0.000        0.000        0.000        0.000        0.000
   260:        0.000        0.000        0.000        0.000        0.000
   265:        0.000        0.000        0.000        0.000        0.000
   270:        0.000        0.000        0.000        0.000        0.000
   275:        0.000        0.000        0.000        0.000        0.000
   280:        0.000        0.000        0.000        0.000        0.000
   285:        0.000        0.000        0.000        0.000        0.000
   290:        0.000        0.000        0.000        0.000        0.000
   295:        0.000        0.000        0.000        0.000        0.000
   300:        0.000        0.000        0.000        0.000        0.000
   305:        0.000        0.000        0.000        0.000        0.000
   310:        0.000        0.000        0.000        0.000        0.000
   315:        0.000        0.000        0.000        0.000        0.000
   320:        0.000        0.000        0.000        0.000        0.000
   325:        0.000        0.000        0.000        0.000        0.000
   330:        0.000        0.000        0.000        0.000        0.000
   335:        0.000        0.000        0.000        0.000        0.000
   340:        0.000        0.000        0.000        0.000        0.000
   345:        0.000        0.000        0.000        0.000        0.000
   350:        0.000        0.000        0.000        0.000        0.000
   355:        0.000        0.000        0.000        0.000        0.000
   360:        0.000        0.000        0.000        0.000        0.000
   365:        0.000        0.000        0.000        0.000        0.000
   370:        0.000        0.000        0.000        0.000        0.000
   375:        0.000        0.000        0.000        0.000        0.000
   380:        0.000        0.000        0.000        0.000        0.000
   385:        0.000        0.000        0.000        0.000        0.000
   390:        0.000        0.000        0.000        0.000        0.000
   395:        0.000        0.000        0.000        0.000        0.000
   400:        0.000        0.000        0.000        0.000        0.000
   405:        0.000        0.000        0.000        0.000        0.000
   410:        0.000        0.000        0.000        0.000        0.000
   415:        0.000        0.000        0.000        0.000        0.000
   420:        0.000        0.000        0.000        0.000        0.000
   425:        0.000        0.000        0.000        0.000        0.000
   430:        0.000        0.000        0.000        0.000        0.000
   435:        0.000        0.000        0.000        0.000        0.000
   440:        0.000        0.000        0.000        0.000        0.000
   445:        0.000        0.000        0.000        0.000        0.000
   450:        0.000        0.000        0.000        0.000        0.000
   455:        0.000        0.000        0.000        0.000        0.000
   460:        0.000        0.000        0.000        0.000        0.000
   465:        0.000        0.000        0.000        0.000        0.000
   470:        0.000        0.000        0.000        0.000        0.000
   475:        0.000        0.000        0.000        0.000        0.000
   480:        0.000        0.000        0.000        0.000        0.000
   485:        0.000        0.000        0.000        0.000        0.000
   490:        0.000        0.000        0.000        0.000        0.000
   495:        0.000        0.000        0.000        0.000        0.000
   500:        0.000        0.000        0.000        0.000        0.000
   505:        0.000        0.000        0.000        0.000        0.000
   510:        0.000        0.000        0.000        0.000        0.000
   515:        0.000        0.000        0.000        0.000        0.000
   520:        0.000        0.000        0.000        0.000        0.000
   525:        0.000        0.000        0.000        0.000        0.000
   530:        0.000        0.000        0.000        0.000        0.000
   535:        0.000        0.000        0.000        0.000        0.000
   540:        0.000        0.000        0.000        0.000        0.000
   545:        0.000        0.000        0.000        0.000        0.000
   550:        0.000        0.000        0.000        0.000        0.000
   555:        0.000        0.000        0.000        0.000        0.000
   560:        0.000        0.000        0.000        0.000        0.000
   565:        0.000        0.000        0.000        0.000        0.000
   570:        0.000        0.000        0.000        0.000        0.000
   575:        0.000        0.000        0.000        0.000        0.000
   580:        0.000        0.000        0.000        0.000        0.000
   585:        0.000        0.000        0.000        0.000        0.000
   590:        0.000        0.000        0.000        0.000        0.000
   595:        0.000        0.000        0.000        0.000        0.000
   600:        0.000        0.000        0.000        0.000        0.000
   605:        0.000        0.000        0.000        0.000        0.000
   610:        0.000        0.000        0.000        0.000        0.000
   615:        0.000        0.000        0.000        0.000        0.000
   620:        0.000        0.000        0.000        0.000        0.000
   625:        0.000        0.000        0.000        0.000        0.000
   630:        0.000        0.000        0.000        0.000        0.000
   635:        0.000        0.000        0.000        0.000        0.000
   640:        0.000        0.000        0.000        0.000        0.000
   645:        0.000        0.000        0.000        0.000        0.000
   650:        0.000        0.000        0.000        0.000        0.000
   655:        0.000        0.000        0.000        0.000        0.000
   660:        0.000        0.000        0.000        0.000        0.000
   665:        0.000        0.000        0.000        0.000        0.000
   670:        0.000        0.000        0.000        0.000        0.000
   675:        0.000        0.000        0.000        0.000        0.000
   680:        0.000        0.000        0.000        0.000        0.000
   685:        0.000        0.000        0.000        0.000        0.000
   690:        0.000        0.000        0.000        0.000        0.000
   695:        0.000        0.000        0.000        0.000        0.000
   700:        0.000        0.000        0.000        0.000        0.000
   705:        0.000        0.000        0.000        0.000        0.000
   710:        0.000        0.000        0.000        0.000        0.000
   715:        0.000        0.000        0.000        0.000        0.000
   720:        0.000        0.000        0.000        0.000        0.000
   725:        0.000        0.000        0.000        0.000        0.000
   730:        0.000        0.000        0.000        0.000        0.000
   735:        0.000        0.000        0.000        0.000        0.000
   740:        0.000        0.000        0.000        0.000        0.000
   745:        0.000        0.000        0.000        0.000        0.000
   750:        0.000        0.000        0.000        0.000        0.000
   755:        0.000        0.000        0.000        0.000        0.000
   760:        0.000        0.000        0.000        0.000        0.000
   765:        0.000        0.000        0.000        0.000        0.000
   770:        0.000        0.000        0.000        0.000        0.000
   775:        0.000        0.000        0.000        0.000        0.000
   780:        0.000        0.000        0.000        0.000        0.000
   785:        0.000        0.000        0.000        0.000        0.000
   790:        0.000        0.000        0.000        0.000        0.000
   795:        0.000        0.000        0.000        0.000        0.000
   800:        0.000        0.000        0.000        0.000        0.000
   805:        0.000        0.000        0.000        0.000        0.000
   810:        0.000        0.000        0.000        0.000        0.000
   815:        0.000        0.000        0.000        0.000        0.000
   820:        0.000        0.000        0.000        0.000        0.000
   825:        0.000        0.000        0.000        0.000        0.000
   830:        0.000        0.000        0.000        0.000        0.000
   835:        0.000        0.000        0.000        0.000        0.000
   840:        0.000        0.000        0.000        0.000        0.000
   845:        0.000        0.000        0.000        0.000        0.000
   850:        0.000        0.000        0.000        0.000        0.000
   855:        0.000        0.000        0.000        0.000        0.000
   860:        0.000        0.000        0.000        0.000        0.000
   865:        0.000        0.000        0.000        0.000        0.000
   870:        0.000        0.000        0.000        0.000        0.000
   875:        0.000        0.000        0.000        0.000        0.000
   880:        0.000        0.000        0.000        0.000        0.000
   885:        0.000        0.000        0.000        0.000        0.000
   890:        0.000        0.000        0.000        0.000        0.000
   895:        0.000        0.000        0.000        0.000        0.000
   900:        0.000        0.000        0.000        0.000        0.000
   905:        0.000        0.000        0.000        0.000        0.000
   910:        0.000        0.000        0.000        0.000        0.000
   915:        0.000        0.000        0.000        0.000        0.000
   920:        0.000        0.000        0.000        0.000        0.000
   925:        0.000        0.000        0.000        0.000        0.000
   930:        0.000        0.000        0.000        0.000        0.000
   935:        0.000        0.000        0.000        0.000        0.000
   940:        0.000        0.000        0.000        0.000        0.000
   945:        0.000        0.000        0.000        0.000        0.000
   950:        0.000        0.000        0.000        0.000        0.000
   955:        0.000        0.000        0.000        0.000        0.000
   960:        0.000        0.000        0.000        0.000        0.000
   965:        0.000        0.000        0.000        0.000        0.000
   970:        0.000        0.000        0.000        0.000        0.000
   975:        0.000        0.000        0.000        0.000        0.000
   980:        0.000        0.000        0.000        0.000        0.000
   985:        0.000        0.000        0.000        0.000        0.000
   990:        0.000        0.000        0.000        0.000        0.000
   995:        0.000        0.000        0.000        0.000        0.000
  1000:        0.000        0.000        0.000        0.000        0.000
  1005:        0.000        0.000        0.000        0.000        0.000
  1010:        0.000        0.000        0.000        0.000        0.000
  1015:        0.000        0.000        0.000        0.000        0.000
  1020:        0.000        0.000        0.000        0.000        0.000
  1025:        0.000        0.000        0.000        0.000        0.000
  1030:        0.000        0.000        0.000        0.000        0.000
  1035:        0.000        0.000        0.000        0.000        0.000
  1040:        0.000        0.000        0.000        0.000        0.000
  1045:        0.000        0.000        0.000        0.000        0.000
  1050:        0.000        0.000        0.000        0.000        0.000
  1055:        0.000        0.000        0.000        0.000        0.000
  1060:        0.000        0.000        0.000        0.000        0.000
  1065:        0.000        0.000        0.000        0.000        0.000
  1070:        0.000        0.000        0.000        0.000        0.000
  1075:        0.000        0.000        0.000        0.000        0.000
  1080:        0.000        0.000        0.000        0.000        0.000
  1085:        0.000        0.000        0.000        0.000        0.000
  1090:        0.000        0.000        0.000        0.000        0.000
  1095:        0.000        0.000        0.000        0.000        0.000
  1100:        0.000        0.000        0.000        0.000        0.000
  1105:        0.000        0.000        0.000        0.000        0.000
  1110:        0.000        0.000        0.000        0.000        0.000
  1115:        0.000        0.000        0.000        0.000        0.000
  1120:        0.000        0.000        0.000        0.000        0.000
  1125:        0.000        0.000        0.000        0.000        0.000
  1130:        0.000        0.000        0.000        0.000        0.000
  1135:        0.000        0.000        0.000        0.000        0.000
  1140:        0.000        0.000        0.000        0.000        0.000
  1145:        0.000        0.000        0.000        0.000        0.000
  1150:        0.000        0.000        0.000        0.000        0.000
  1155:        0.000        0.000        0.000        0.000        0.000
  1160:        0.000        0.000        0.000        0.000        0.000
  1165:        0.000        0.000        0.000        0.000        0.000
  1170:        0.000        0.000        0.000        0.000        0.000
  1175:        0.000        0.000        0.000        0.000        0.000
  1180:        0.000        0.000        0.000        0.000        0.000
  1185:        0.000        0.000        0.000        0.000        0.000
  1190:        0.000        0.000        0.000        0.000        0.000
  1195:        0.000        0.000        0.000        0.000        0.000
  1200:        0.000        0.000        0.000        0.000        0.000
  1205:        0.000        0.000        0.000        0.000        0.000
  1210:        0.000        0.000        0.000        0.000        0.000
  1215:        0.000        0.000        0.000        0.000        0.000
  1220:        0.000        0.000        0.000        0.000        0.000
  1225:        0.000        0.000        0.000        0.000        0.000
  1230:        0.000        0.000        0.000        0.000        0.000
  1235:        0.000        0.000        0.000        0.000        0.000
  1240:        0.000        0.000        0.000        0.000        0.000
  1245:        0.000        0.000        0.000        0.000        0.000
  1250:        0.000        0.000        0.000        0.000        0.000
  1255:        0.000        0.000        0.000        0.000        0.000
  1260:        0.000        0.000        0.000        0.000        0.000
  1265:        0.000        0.000        0.000        0.000        0.000
  1270:        0.000        0.000        0.000        0.000        0.000
  1275:        0.000        0.000        0.000        0.000        0.000
  1280:        0.000        0.000        0.000        0.000        0.000
  1285:        0.000        0.000        0.000        0.000        0.000
  1290:        0.000        0.000        0.000        0.000        0.000
  1295:        0.000        0.000        0.000        0.000        0.000
  1300:        0.000        0.000        0.000        0.000        0.000
  1305:        0.000        0.000        0.000        0.000        0.000
  1310:        0.000        0.000        0.000        0.000        0.000
  1315:        0.000        0.000        0.000        0.000        0.000
  1320:        0.000        0.000        0.000        0.000        0.000
  1325:        0.000        0.000        0.000        0.000        0.000
  1330:        0.000        0.000        0.000        0.000        0.000
  1335:        0.000        0.000        0.000        0.000        0.000
  1340:        0.000        0.000        0.000        0.000        0.000
  1345:        0.000        0.000        0.000        0.000        0.000
  1350:        0.000        0.000        0.000        0.000        0.000
  1355:        0.000        0.000        0.000        0.000        0.000
  1360:        0.000        0.000        0.000        0.000        0.000
  1365:        0.000        0.000        0.000        0.000        0.000
  1370:        0.000        0.000        0.000        0.000        0.000
  1375:        0.000        0.000        0.000        0.000        0.000
  1380:        0.000        0.000        0.000        0.000        0.000
  1385:        0.000        0.000        0.000        0.000        0.000
  1390:        0.000        0.000        0.000        0.000        0.000
  1395:        0.000        0.000        0.000        0.000        0.000
  1400:        0.000        0.000        0.000        0.000        0.000
  1405:        0.000        0.000        0.000        0.000        0.000
  1410:        0.000        0.000        0.000        0.000        0.000
  1415:        0.000        0.000        0.000        0.000        0.000
  1420:        0.000        0.000        0.000        0.000        0.000
  1425:        0.000        0.000        0.000        0.000        0.000
  1430:        0.000        0.000        0.000        0.000        0.000
  1435:        0.000        0.000        0.000        0.000        0.000
  1440:        0.000        0.000        0.000        0.000        0.000
  1445:        0.000        0.000        0.000        0.000        0.000
  1450:        0.000        0.000        0.000        0.000        0.000
  1455:        0.000        0.000        0.000        0.000        0.000
  1460:        0.000        0.000        0.000        0.000        0.000
  1465:        0.000        0.000        0.000        0.000        0.000
  1470:        0.000        0.000        0.000        0.000        0.000
  1475:        0.000        0.000        0.000        0.000        0.000
  1480:        0.000        0.000        0.000        0.000        0.000
  1485:        0.000        0.000        0.000        0.000        0.000
  1490:        0.000        0.000        0.000        0.000        0.000
  1495:        0.000        0.000        0.000        0.000        0.000
  1500:        0.000        0.000        0.000        0.000        0.000
  1505:        0.000        0.000        0.000        0.000        0.000
  1510:        0.000        0.000        0.000        0.000        0.000
  1515:        0.000        0.000        0.000        0.000        0.000
  1520:        0.000        0.000        0.000        0.000        0.000
  1525:        0.000        0.000        0.000        0.000        0.000
  1530:        0.000        0.000        0.000        0.000        0.000
  1535:        0.000        0.000        0.000        0.000        0.000
  1540:        0.000        0.000        0.000        0.000        0.000
  1545:        0.000        0.000        0.000        0.000        0.000
  1550:        0.000        0.000        0.000        0.000        0.000
  1555:        0.000        0.000        0.000        0.000        0.000
  1560:        0.000        0.000        0.000        0.000        0.000
  1565:        0.000        0.000        0.000        0.000        0.000
  1570:        0.000        0.000        0.000        0.000        0.000
  1575:        0.000        0.000        0.000        0.000        0.000
  1580:        0.000        0.000        0.000        0.000        0.000
  1585:        0.000        0.000        0.000        0.000        0.000
  1590:        0.000        0.000        0.000        0.000        0.000
  1595:        0.000        0.000        0.000        0.000        0.000
  1600:        0.000        0.000        0.000        0.000        0.000
  1605:        0.000        0.000        0.000        0.000        0.000
  1610:        0.000        0.000        0.000        0.000        0.000
  1615:        0.000        0.000        0.000        0.000        0.000
  1620:        0.000        0.000        0.000        0.000        0.000
  1625:        0.000        0.000        0.000        0.000        0.000
  1630:        0.000        0.000        0.000        0.000        0.000
  1635:        0.000        0.000        0.000        0.000        0.000
  1640:        0.000        0.000        0.000        0.000        0.000
  1645:        0.000        0.000        0.000        0.000        0.000
  1650:        0.000        0.000        0.000        0.000        0.000
  1655:        0.000        0.000        0.000        0.000        0.000
  1660:        0.000        0.000        0.000        0.000        0.000
  1665:        0.000        0.000        0.000        0.000        0.000
  1670:        0.000        0.000        0.000        0.000        0.000
  1675:        0.000        0.000        0.000        0.000        0.000
  1680:        0.000        0.000        0.000        0.000        0.000
  1685:        0.000        0.000        0.000        0.000        0.000
  1690:        0.000        0.000        0.000        0.000        0.000
  1695:        0.000        0.000        0.000        0.000        0.000
  1700:        0.000        0.000        0.000        0.000        0.000
  1705:        0.000        0.000        0.000        0.000        0.000
  1710:        0.000        0.000        0.000        0.000        0.000
  1715:        0.000        0.000        0.000        0.000        0.000
  1720:        0.000        0.000        0.000        0.000        0.000
  1725:        0.000        0.000        0.000        0.000        0.000
  1730:        0.000        0.000        0.000        0.000        0.000
  1735:        0.000        0.000        0.000        0.000        0.000
  1740:        0.000        0.000        0.000        0.000        0.000
  1745:        0.000        0.000        0.000        0.000        0.000
  1750:        0.000        0.000        0.000        0.000        0.000
  1755:        0.000        0.000        0.000        0.000        0.000
  1760:        0.000        0.000        0.000        0.000        0.000
  1765:        0.000        0.000        0.000        0.000        0.000
  1770:        0.000        0.000        0.000        0.000        0.000
  1775:        0.000        0.000        0.000        0.000        0.000
  1780:        0.000        0.000        0.000        0.000        0.000
  1785:        0.000        0.000        0.000        0.000        0.000
  1790:        0.000        0.000        0.000        0.000        0.000
  1795:        0.000        0.000        0.000        0.000        0.000
  1800:        0.000        0.000        0.000        0.000        0.000
  1805:        0.000        0.000        0.000        0.000        0.000
  1810:        0.000        0.000        0.000        0.000        0.000
  1815:        0.000        0.000        0.000        0.000        0.000
  1820:        0.000        0.000        0.000        0.000        0.000
  1825:        0.000        0.000        0.000        0.000        0.000
  1830:        0.000        0.000        0.000        0.000        0.000
  1835:        0.000        0.000        0.000        0.000        0.000
  1840:        0.000        0.000        0.000        0.000        0.000
  1845:        0.000        0.000        0.000        0.000        0.000
  1850:        0.000        0.000        0.000        0.000        0.000
  1855:        0.000        0.000        0.000        0.000        0.000
  1860:        0.000        0.000        0.000        0.000        0.000
  1865:        0.000        0.000        0.000        0.000        0.000
  1870:        0.000        0.000        0.000        0.000        0.000
  1875:        0.000        0.000        0.000        0.000        0.000
  1880:        0.000        0.000        0.000        0.000        0.000
  1885:        0.000        0.000        0.000        0.000        0.000
  1890:        0.000        0.000        0.000        0.000        0.000
  1895:        0.000        0.000        0.000        0.000        0.000
  1900:        0.000        0.000        0.000        0.000        0.000
  1905:        0.000        0.000        0.000        0.000        0.000
  1910:        0.000        0.000        0.000        0.000        0.000
  1915:        0.000        0.000        0.000        0.000        0.000
  1920:        0.000        0.000        0.000        0.000        0.000
  1925:        0.000        0.000        0.000        0.000        0.000
  1930:        0.000        0.000        0.000        0.000        0.000
  1935:        0.000        0.000        0.000        0.000        0.000
  1940:        0.000        0.000        0.000        0.000        0.000
  1945:        0.000        0.000        0.000        0.000        0.000
  1950:        0.000        0.000        0.000        0.000        0.000
  1955:        0.000        0.000        0.000        0.000        0.000
  1960:        0.000        0.000        0.000        0.000        0.000
  1965:        0.000        0.000        0.000        0.000        0.000
  1970:        0.000        0.000        0.000        0.000        0.000
  1975:        0.000        0.000        0.000        0.000        0.000
  1980:        0.000        0.000        0.000        0.000        0.000
  1985:        0.000        0.000        0.000        0.000        0.000
  1990:        0.000        0.000        0.000        0.000        0.000
  1995:        0.000        0.000        0.000        0.000        0.000
  2000:        0.000
V:
     0:       21.310       59.430       69.540       83.670       90.490
     5:      101.430      109.480      132.870      141.680      170.060
    10:      192.840      209.850      233.540      240.410      254.200
    15:      270.190      278.580      285.200      292.040      316.180
    20:      323.250      333.760      351.760      376.590      383.650
    25:      393.730      409.370      417.710      424.750      446.460
    30:      460.910      467.870      490.240      509.000      519.550
    35:      532.680      539.220      546.000      552.460      573.600
    40:      588.360      604.880      612.170      636.190      654.730
    45:      685.320      699.220      713.440      720.600      754.080
    50:      768.400      777.300      866.200      884.470      922.900
    55:      935.450      952.250      981.590      995.340     1012.310
    60:     1039.530     1073.840     1092.540     1114.060     1153.000
    65:     1187.070     1217.220     1267.950     1322.010     1362.340
    70:     1389.380     1401.330     1409.920     1422.870     1457.110
