File: C:\MED-PC\Data\2025-01-27_13h18m_Subject 1.2.txt


Start Date: 01/27/25
End Date: 01/27/25
Subject: 1.2
Experiment: 5HT
Group: 
Box: 2
Start Time: 13:18:49
End Time: 14:18:55
MSN: LD_FR1_RightLever_30min_40reward_LeftLever_30min_40reward
A:      78.000
B:       0.000
C:       0.000
D:      77.000
F:       0.000
G:       0.000
H:       0.000
J:       0.000
K:      37.000
L:      47.000
M:       0.000
N:  360001.000
O:       0.000
P:       0.000
R:       0.000
S:       0.000
T:       0.000
U:       0.000
W:       0.000
X:      40.000
Y:       0.000
Z:       0.000
E:
     0:      160.820      245.440      288.940      375.350      403.590
     5:      498.340      516.350      556.520      777.550      820.360
    10:      940.910     1063.780     1087.690     1132.900     1171.090
    15:     1217.690     1309.780     1366.640     1391.320     1454.160
    20:     1629.280     1750.840     1790.080     1806.720     1831.670
    25:     1861.200     1917.800     1931.080     1998.390     2163.100
    30:     2240.960     2394.250     2414.460     2505.820     2520.780
    35:     2640.290     2681.110     2764.690     2781.660     2812.570
    40:     2835.510     2852.060     2933.500     3229.130     3316.260
    45:     3442.510     3576.150
I:
     0:        0.000        0.100      101.830      142.570      152.880
     5:      158.790      205.350      211.160      236.460      287.480
    10:      368.060      394.660      499.160      512.530      546.190
    15:      551.390      764.250      807.540      819.950      920.160
    20:     1050.070     1062.000     1087.590     1124.340     1162.240
    25:     1214.590     1218.210     1302.220     1310.060     1366.160
    30:     1392.340     1437.560     1625.190     1740.950     1747.090
    35:     1788.380     1806.750     1830.140     1860.360     1916.520
    40:     1933.140     1964.150     2154.400     2234.680     2391.550
    45:     2410.200     2500.350     2515.250     2520.570     2640.940
    50:     2672.730     2683.210     2765.030     2775.840     2813.610
    55:     2832.810     2837.110     2850.360     2932.450     3222.640
    60:     3316.170     3436.380     3480.650     3493.980     3500.220
    65:     3507.680     3511.440     3523.290     3529.640     3533.210
    70:     3539.010     3542.410     3545.800     3549.050     3552.940
    75:     3558.000     3562.530     3566.440     3573.920        0.000
    80:        0.000
Q:
     0:     3570.810        0.000        0.000        0.000        0.000
     5:        0.000        0.000        0.000        0.000        0.000
    10:        0.000        0.000        0.000        0.000        0.000
    15:        0.000        0.000        0.000        0.000        0.000
    20:        0.000        0.000        0.000        0.000        0.000
    25:        0.000        0.000        0.000        0.000        0.000
    30:        0.000        0.000        0.000        0.000        0.000
    35:        0.000        0.000        0.000        0.000        0.000
    40:        0.000        0.000        0.000        0.000        0.000
    45:        0.000        0.000        0.000        0.000        0.000
    50:        0.000        0.000        0.000        0.000        0.000
    55:        0.000        0.000        0.000        0.000        0.000
    60:        0.000        0.000        0.000        0.000        0.000
    65:        0.000        0.000        0.000        0.000        0.000
    70:        0.000        0.000        0.000        0.000        0.000
    75:        0.000        0.000        0.000        0.000        0.000
    80:        0.000
V:
     0:        0.000        0.000        0.000        0.000        0.000
     5:        0.000        0.000        0.000        0.000        0.000
    10:        0.000        0.000        0.000        0.000        0.000
    15:        0.000        0.000        0.000        0.000        0.000
    20:        0.000        0.000        0.000        0.000        0.000
    25:        0.000        0.000        0.000        0.000        0.000
    30:        0.000        0.000        0.000        0.000        0.000
    35:        0.000        0.000        0.000        0.000        0.000
    40:        0.000        0.000        0.000        0.000        0.000
    45:        0.000        0.000        0.000        0.000        0.000
    50:        0.000        0.000        0.000        0.000        0.000
    55:        0.000        0.000        0.000        0.000        0.000
    60:        0.000        0.000        0.000        0.000        0.000
    65:        0.000        0.000        0.000        0.000        0.000
    70:        0.000        0.000        0.000        0.000        0.000
    75:        0.000        0.000        0.000        0.000        0.000
    80:        0.000
