File: C:\MED-PC\Data\2025-01-30_12h40m_Subject 1.3.txt


Start Date: 01/30/25
End Date: 01/30/25
Subject: 1.3
Experiment: 5HT
Group: 
Box: 3
Start Time: 12:40:15
End Time: 13:40:21
MSN: LD_FR1_LeftLever_30min_40reward_RightLever_30min_40reward
A:      80.000
B:       0.000
C:       0.000
D:      79.000
F:       0.000
G:       0.000
H:       0.000
J:       0.000
K:      40.000
L:      67.000
M:       0.000
N:  360001.000
O:       0.000
P:       0.000
R:       0.000
S:       0.000
T:       0.000
U:       0.000
W:       0.000
X:      39.000
Y:       0.000
Z:       0.000
E:
     0:       51.030       58.470       84.610      116.840      490.490
     5:      515.360      570.550      621.780      694.370      750.010
    10:      761.820      849.640      858.620      894.920      902.830
    15:      915.050      959.500      971.480      981.080      992.610
    20:     1001.200     1027.130     1034.870     1042.910     1050.800
    25:     1063.660     1113.940     1169.200     1176.920     1266.560
    30:     1296.610     1345.020     1391.680     1399.150     1466.670
    35:     1513.760     1552.030     1793.050     1834.520     1905.720
    40:     2061.400     2083.190     2113.880     2340.830     2395.260
    45:     2518.580     2528.560     2537.400     2565.400     2597.640
    50:     2614.010     2766.930     2790.430     2800.420     2813.130
    55:     2924.900     3083.930     3099.330     3197.370     3362.160
    60:     3392.980     3407.210     3424.760     3432.350     3463.350
    65:     3514.040     3529.500
I:
     0:        0.000        0.100       39.730       58.770       80.500
     5:      103.340      376.700      469.840      496.550      504.360
    10:      516.020      526.370      531.160      569.690      623.280
    15:      689.390      693.960      749.530      761.950      851.090
    20:      858.770      895.920      903.110      913.400      958.240
    25:      971.940      981.210      993.830     1002.150     1027.880
    30:     1035.770     1044.070     1052.360     1063.340     1114.690
    35:     1168.790     1177.690     1267.520     1298.130     1346.150
    40:     1393.790     1399.210     1463.900     1512.330     1525.100
    45:     1785.170     1792.730     1818.970     1887.460     2060.920
    50:     2075.440     2113.600     2340.300     2391.070     2515.300
    55:     2520.250     2527.260     2536.350     2564.960     2596.310
    60:     2608.830     2615.280     2767.740     2790.430     2799.030
    65:     2815.220     2925.360     3077.770     3097.900     3194.420
    70:     3357.510     3361.040     3393.810     3401.780     3407.430
    75:     3426.000     3431.340     3444.720     3465.430     3515.070
    80:     3531.460
Q:
     0:     3528.350        0.000        0.000        0.000        0.000
     5:        0.000        0.000        0.000        0.000        0.000
    10:        0.000        0.000        0.000        0.000        0.000
    15:        0.000        0.000        0.000        0.000        0.000
    20:        0.000        0.000        0.000        0.000        0.000
    25:        0.000        0.000        0.000        0.000        0.000
    30:        0.000        0.000        0.000        0.000        0.000
    35:        0.000        0.000        0.000        0.000        0.000
    40:        0.000        0.000        0.000        0.000        0.000
    45:        0.000        0.000        0.000        0.000        0.000
    50:        0.000        0.000        0.000        0.000        0.000
    55:        0.000        0.000        0.000        0.000        0.000
    60:        0.000        0.000        0.000        0.000        0.000
    65:        0.000        0.000        0.000        0.000        0.000
    70:        0.000        0.000        0.000        0.000        0.000
    75:        0.000        0.000        0.000        0.000        0.000
    80:        0.000
V:
     0:        0.000        0.000        0.000        0.000        0.000
     5:        0.000        0.000        0.000        0.000        0.000
    10:        0.000        0.000        0.000        0.000        0.000
    15:        0.000        0.000        0.000        0.000        0.000
    20:        0.000        0.000        0.000        0.000        0.000
    25:        0.000        0.000        0.000        0.000        0.000
    30:        0.000        0.000        0.000        0.000        0.000
    35:        0.000        0.000        0.000        0.000        0.000
    40:        0.000        0.000        0.000        0.000        0.000
    45:        0.000        0.000        0.000        0.000        0.000
    50:        0.000        0.000        0.000        0.000        0.000
    55:        0.000        0.000        0.000        0.000        0.000
    60:        0.000        0.000        0.000        0.000        0.000
    65:        0.000        0.000        0.000        0.000        0.000
    70:        0.000        0.000        0.000        0.000        0.000
    75:        0.000        0.000        0.000        0.000        0.000
    80:        0.000
