File: C:\MED-PC\Data\2025-02-04_12h43m_Subject 4.4.txt


Start Date: 02/04/25
End Date: 02/04/25
Subject: 4.4
Experiment: 5HT
Group: 
Box: 10
Start Time: 12:43:46
End Time: 12:54:42
MSN: 25_IC_FR1_BothActive_Retract_Omit_60min_80reward
D:      80.000
F:      41.000
G:      39.000
H:       1.000
J:       0.000
K:      41.000
L:      80.000
M:       0.000
N:   64933.000
O:       0.000
R:       0.000
T:       0.000
U:       0.000
W:       1.000
X:      39.000
Y:       0.000
Z:       0.000
A:
     0:        0.000       85.000        3.000        2.000      600.000
     5:      400.000
B:
     0:        0.000        1.000        4.000
C:
     0:        4.000        5.000        6.000
E:
     0:        3.240       10.280       31.620       41.520       48.770
     5:       56.590       64.230       73.650       80.420       88.690
    10:      120.000      128.630      135.180      162.160      172.120
    15:      180.210      186.290      193.180      199.220      207.630
    20:      213.760      219.820      225.430      231.530      238.700
    25:      264.600      271.750      277.700      284.590      292.160
    30:      297.400      302.160      307.690      314.380      322.620
    35:      327.330      332.720      340.360      345.070      351.730
    40:      356.880      369.030      376.800      384.760      390.960
    45:      395.750      402.860      409.810      415.940      421.470
    50:      429.430      435.950      442.310      448.280      455.420
    55:      465.970      471.400      479.100      484.600      490.710
    60:      495.740      501.970      516.690      526.860      536.020
    65:      541.650      548.150      555.030      561.200      568.380
    70:      575.230      580.540      590.040      595.550      605.760
    75:      611.390      627.040      635.710      642.120      647.460
I:
     0:        0.000        7.190       15.390       29.510       35.840
     5:       46.620       53.740       60.210       65.390       77.910
    10:       84.230       90.160      104.170      118.180      125.090
    15:      133.410      140.100      154.110      166.670      173.100
    20:      183.990      190.290      197.330      204.270      211.490
    25:      217.770      222.900      229.500      236.630      241.880
    30:      255.890      269.080      275.770      282.720      289.440
    35:      292.760      300.230      305.940      312.520      319.180
    40:      325.490      331.190      336.700      342.220      347.920
    45:      353.910      361.950      374.120      381.860      388.790
    50:      391.980      400.930      408.090      413.990      419.190
    55:      426.680      433.910      438.920      446.020      453.430
    60:      457.530      470.000      475.470      483.060      488.640
    65:      491.860      499.190      503.920      516.410      531.740
    70:      539.970      546.710      553.100      559.740      566.300
    75:      571.830      578.740      583.420      593.880      597.490
    80:      606.750      615.300      628.540      639.790      643.050
P:
     0:       25.500
Q:
     0:      119.070      127.390      134.080      160.650      171.080
     5:      263.060      269.750      276.700      283.420      290.740
    10:      296.220      300.930      306.510      313.170      321.480
    15:      326.180      331.690      338.210      343.910      349.900
    20:      464.980      470.450      478.040      483.620      489.840
    25:      494.180      499.910      510.400      534.960      540.700
    30:      547.090      553.730      560.290      566.820      572.730
    35:      579.410      588.870      594.480      646.310
S:
     0:      100.170      114.180      150.110      251.890
V:
     0:        2.180        9.380       30.830       40.610       47.730
     5:       55.200       61.380       72.900       79.220       86.150
    10:      178.980      185.280      192.320      198.260      206.480
    15:      212.760      218.890      224.490      230.620      237.870
    20:      355.930      368.100      375.840      382.770      389.960
    25:      394.920      402.080      408.980      415.180      420.670
    30:      427.900      434.910      440.010      447.420      454.520
    35:      525.730      601.730      610.280      623.520      634.770
    40:      641.030
