File: C:\MED-PC\Data\2025-01-24_13h42m_Subject 3.2.txt


Start Date: 01/24/25
End Date: 01/24/25
Subject: 3.2
Experiment: 5HT
Group: 
Box: 4
Start Time: 13:42:08
End Time: 14:35:59
MSN: LD_FR1_LeftLever_30min_40reward_RightLever_30min_40reward
A:      80.000
B:       0.000
C:       0.000
D:      80.000
F:       0.000
G:       0.000
H:       0.000
J:       0.000
K:      40.000
L:      77.000
M:       0.000
N:  322487.000
O:       0.000
P:       0.000
R:       0.000
S:       0.000
T:       0.000
U:       0.000
W:       0.000
X:      40.000
Y:       0.000
Z:       0.000
E:
     0:       27.880       82.190      166.280      202.790      250.770
     5:      323.280      371.690      472.250      542.630      627.250
    10:      704.060      732.730      836.470      851.510      887.370
    15:      921.490      929.720      940.890      950.750      964.830
    20:      976.620      985.200      994.410     1008.630     1017.230
    25:     1027.050     1034.880     1044.220     1055.040     1063.210
    30:     1071.270     1078.690     1085.890     1093.140     1099.170
    35:     1105.380     1113.730     1123.120     1129.080     1150.750
    40:     1339.130     1440.740     1554.940     1805.510     1936.070
    45:     2063.060     2113.280     2215.330     2267.950     2314.170
    50:     2518.090     2583.220     2624.980     2708.200     2731.800
    55:     2758.740     2829.720     2866.430     2925.660     2935.370
    60:     2950.390     2980.150     2997.160     3012.560     3023.800
    65:     3037.180     3050.070     3068.930     3078.110     3085.660
    70:     3097.830     3116.860     3124.270     3191.810     3201.120
    75:     3207.350     3218.860
I:
     0:        0.000        0.100       25.040       80.330      165.900
     5:      201.990      250.300      316.750      373.420      473.200
    10:      543.740      628.070      705.150      733.410      832.730
    15:      838.010      851.700      888.100      923.310      930.610
    20:      941.400      950.620      965.010      976.400      987.450
    25:      995.850     1009.160     1019.140     1028.460     1036.320
    30:     1044.820     1056.860     1063.770     1072.910     1080.290
    35:     1087.320     1094.540     1100.400     1107.180     1115.460
    40:     1124.250     1129.120     1152.890     1338.670     1433.130
    45:     1555.050     1806.080     1938.000     2060.980     2091.710
    50:     2216.610     2270.080     2315.270     2518.170     2584.420
    55:     2618.240     2708.690     2733.410     2759.250     2830.520
    60:     2867.300     2926.530     2936.870     2951.870     2976.200
    65:     2979.800     2999.400     3013.880     3025.390     3038.910
    70:     3051.850     3070.710     3079.840     3087.550     3099.430
    75:     3118.120     3125.710     3193.910     3202.530     3209.570
    80:     3219.760
Q:
     0:     3224.850        0.000        0.000        0.000        0.000
     5:        0.000        0.000        0.000        0.000        0.000
    10:        0.000        0.000        0.000        0.000        0.000
    15:        0.000        0.000        0.000        0.000        0.000
    20:        0.000        0.000        0.000        0.000        0.000
    25:        0.000        0.000        0.000        0.000        0.000
    30:        0.000        0.000        0.000        0.000        0.000
    35:        0.000        0.000        0.000        0.000        0.000
    40:        0.000        0.000        0.000        0.000        0.000
    45:        0.000        0.000        0.000        0.000        0.000
    50:        0.000        0.000        0.000        0.000        0.000
    55:        0.000        0.000        0.000        0.000        0.000
    60:        0.000        0.000        0.000        0.000        0.000
    65:        0.000        0.000        0.000        0.000        0.000
    70:        0.000        0.000        0.000        0.000        0.000
    75:        0.000        0.000        0.000        0.000        0.000
    80:        0.000
V:
     0:        0.000        0.000        0.000        0.000        0.000
     5:        0.000        0.000        0.000        0.000        0.000
    10:        0.000        0.000        0.000        0.000        0.000
    15:        0.000        0.000        0.000        0.000        0.000
    20:        0.000        0.000        0.000        0.000        0.000
    25:        0.000        0.000        0.000        0.000        0.000
    30:        0.000        0.000        0.000        0.000        0.000
    35:        0.000        0.000        0.000        0.000        0.000
    40:        0.000        0.000        0.000        0.000        0.000
    45:        0.000        0.000        0.000        0.000        0.000
    50:        0.000        0.000        0.000        0.000        0.000
    55:        0.000        0.000        0.000        0.000        0.000
    60:        0.000        0.000        0.000        0.000        0.000
    65:        0.000        0.000        0.000        0.000        0.000
    70:        0.000        0.000        0.000        0.000        0.000
    75:        0.000        0.000        0.000        0.000        0.000
    80:        0.000
