File: C:\MED-PC\Data\2025-02-06_13h34m_Subject 2.3.txt


Start Date: 02/06/25
End Date: 02/06/25
Subject: 2.3
Experiment: 5HT
Group: 
Box: 1
Start Time: 13:34:23
End Time: 13:54:17
MSN: 25_IC_FR1_BothActive_Retract_Omit_60min_140reward
D:     140.000
F:      58.000
G:      82.000
H:       0.000
J:       0.000
K:      58.000
L:     134.000
M:       0.000
N:  118803.000
O:       0.000
R:       0.000
T:       0.000
U:       1.000
W:       1.000
X:      82.000
Y:       0.000
Z:       0.000
A:
     0:        0.000      144.000        0.000        2.000      600.000
     5:      400.000
B:
     0:        0.000        3.000        1.000
C:
     0:        6.000
E:
     0:        5.670       16.810       23.280       31.130       38.670
     5:       45.770       52.600       59.460       68.380       75.500
    10:       87.490       94.060      107.220      112.920      125.130
    15:      150.520      162.060      170.130      179.960      188.080
    20:      195.180      203.530      211.140      217.890      224.940
    25:      233.380      240.270      250.860      259.780      267.200
    30:      273.760      280.790      287.370      294.020      305.060
    35:      312.540      319.050      325.810      332.390      338.800
    40:      348.490      355.770      362.320      372.960      379.680
    45:      386.610      393.510      399.960      407.240      418.620
    50:      424.950      431.540      439.220      445.730      452.430
    55:      458.940      467.990      474.640      481.450      486.360
    60:      500.130      509.960      522.350      530.860      535.700
    65:      542.090      549.450      556.960      563.570      570.110
    70:      577.060      583.230      589.950      597.080      604.490
    75:      612.140      619.780      626.430      633.060      639.920
    80:      647.160      654.750      661.980      668.590      675.230
    85:      684.470      691.500      701.660      720.710      729.930
    90:      736.890      742.970      756.050      759.430      767.320
    95:      774.860      783.310      789.900      806.010      813.830
   100:      819.880      831.060      841.740      848.040      854.790
   105:      861.860      868.250      875.380      882.070      893.490
   110:      898.520      914.050      921.480      928.450      955.030
   115:      974.180      997.870     1013.580     1018.490     1025.760
   120:     1032.770     1040.690     1053.480     1064.890     1076.090
   125:     1082.330     1088.960     1095.180     1101.520     1108.260
   130:     1128.900     1139.380     1179.150     1185.610
I:
     0:        0.000       10.910       22.180       28.770       36.510
     5:       44.140       50.830       57.970       64.750       73.710
    10:       80.860       93.000       99.550      111.810      118.450
    15:      130.700      146.820      156.000      167.600      175.610
    20:      185.500      192.980      200.720      209.020      216.690
    25:      223.330      230.260      238.880      245.710      256.360
    30:      265.070      272.810      279.220      286.200      292.750
    35:      299.510      310.600      317.730      324.520      331.240
    40:      337.820      344.150      353.820      361.290      367.620
    45:      378.510      385.110      392.090      398.950      405.490
    50:      412.680      423.950      430.460      437.150      444.720
    55:      451.360      457.890      464.480      473.530      480.260
    60:      484.980      491.690      505.510      515.390      527.790
    65:      532.250      541.170      547.560      555.030      562.380
    70:      568.770      575.200      582.260      588.870      595.280
    75:      602.520      609.990      617.530      625.220      631.720
    80:      638.500      645.430      652.580      660.160      667.590
    85:      674.100      680.630      690.070      696.960      705.000
    90:      719.010      726.060      735.350      741.840      748.210
    95:      757.430      764.910      772.930      780.150      788.800
   100:      795.430      811.230      818.950      825.320      836.420
   105:      846.990      853.570      860.440      867.320      873.810
   110:      880.790      887.340      897.540      903.870      910.320
   115:      918.710      926.890      933.710      944.590      953.160
   120:      959.490      972.980      979.530      986.460     1002.580
   125:     1013.610     1023.910     1031.340     1038.050     1046.000
   130:     1058.380     1069.770     1081.440     1087.770     1094.250
   135:     1100.580     1106.910     1113.510     1120.140     1133.950
   140:     1144.230     1160.350     1171.080     1184.450
P:
     0:      140.810      996.570     1154.340
Q:
     0:       22.760       38.130       67.700       86.990       93.540
     5:      112.440      124.690      149.990      161.590      179.490
    10:      203.010      232.870      239.700      250.350      266.800
    15:      273.210      280.190      293.500      304.590      318.510
    20:      331.810      338.140      355.280      372.500      386.080
    25:      399.480      417.940      424.450      431.140      438.710
    30:      445.350      451.880      458.470      467.520      474.250
    35:      480.970      535.160      549.020      556.370      582.860
    40:      603.980      611.520      632.490      639.420      646.570
    45:      654.150      661.580      668.090      674.620      684.060
    50:      690.950      700.990      758.900      766.920      782.790
    55:      789.420      805.220      847.560      854.430      861.310
    60:      867.800      874.780      891.530      897.860      904.310
    65:      920.880      927.700      938.580      966.970      980.450
    70:     1007.600     1017.900     1025.330     1039.990     1081.760
    75:     1088.240     1094.570     1100.900     1107.500     1114.130
    80:     1165.070     1178.440
S:
     0:      715.010
V:
     0:        4.900       16.170       30.500       44.820       51.960
     5:       58.740       74.850      105.800      169.600      186.970
    10:      194.710      210.680      217.320      224.250      259.060
    15:      286.740      311.720      325.230      347.810      361.610
    20:      379.100      392.940      406.670      485.670      499.490
    25:      509.370      521.770      530.230      541.550      562.760
    30:      569.190      576.250      589.270      596.510      619.210
    35:      625.710      720.040      729.330      735.820      742.190
    40:      755.410      774.140      812.940      819.310      830.410
    45:      840.980      881.330      912.700      947.150      953.480
    50:      973.520     1032.040     1052.370     1063.760     1075.430
    55:     1127.940     1138.220     1185.010
