File: C:\MED-PC\Data\2025-01-24_12h34m_Subject 2.2.txt


Start Date: 01/24/25
End Date: 01/24/25
Subject: 2.2
Experiment: 5HT
Group: 
Box: 6
Start Time: 12:34:35
End Time: 13:27:15
MSN: LD_FR1_LeftLever_30min_40reward_RightLever_30min_40reward
A:      80.000
B:       0.000
C:       0.000
D:      80.000
F:       0.000
G:       0.000
H:       0.000
J:       0.000
K:      40.000
L:      40.000
M:       0.000
N:  315429.000
O:       0.000
P:       0.000
R:       0.000
S:       0.000
T:       0.000
U:       0.000
W:       0.000
X:      40.000
Y:       0.000
Z:       0.000
E:
     0:      149.080      266.220      331.880      519.880      626.400
     5:      694.790      804.260      921.330     1026.580     1279.730
    10:     1336.580     1378.950     1428.790     1518.120     1615.190
    15:     1675.000     1805.300     1946.450     1966.640     2004.650
    20:     2115.160     2145.370     2154.960     2178.930     2234.150
    25:     2270.930     2289.730     2388.340     2433.330     2558.530
    30:     2596.420     2637.850     2722.580     2795.750     2836.380
    35:     2885.110     2943.470     3004.250     3040.030     3087.400
I:
     0:        0.000        0.100       16.710       20.000       44.730
     5:       49.230       83.110       86.890       95.780      180.190
    10:      294.090      297.480      399.090      408.760      503.730
    15:      611.620      623.050      692.570      782.310      798.280
    20:      920.040     1019.170     1024.930     1248.690     1325.680
    25:     1374.130     1380.800     1394.510     1403.280     1518.660
    30:     1545.780     1661.150     1783.450     1929.790     1948.200
    35:     1958.090     2004.210     2116.480     2138.290     2157.270
    40:     2180.150     2219.390     2229.820     2233.400     2261.970
    45:     2279.040     2286.210     2335.270     2339.490     2344.910
    50:     2349.620     2365.250     2370.440     2375.080     2383.230
    55:     2415.110     2418.570     2531.380     2535.260     2576.320
    60:     2581.810     2619.880     2626.140     2716.130     2778.390
    65:     2781.830     2819.260     2826.770     2832.770     2850.400
    70:     2857.130     2860.580     2928.410     2998.870     3004.580
    75:     3026.550     3038.230     3064.370     3140.880     3144.480
    80:     3150.760
Q:
     0:     3154.270        0.000        0.000        0.000        0.000
     5:        0.000        0.000        0.000        0.000        0.000
    10:        0.000        0.000        0.000        0.000        0.000
    15:        0.000        0.000        0.000        0.000        0.000
    20:        0.000        0.000        0.000        0.000        0.000
    25:        0.000        0.000        0.000        0.000        0.000
    30:        0.000        0.000        0.000        0.000        0.000
    35:        0.000        0.000        0.000        0.000        0.000
    40:        0.000        0.000        0.000        0.000        0.000
    45:        0.000        0.000        0.000        0.000        0.000
    50:        0.000        0.000        0.000        0.000        0.000
    55:        0.000        0.000        0.000        0.000        0.000
    60:        0.000        0.000        0.000        0.000        0.000
    65:        0.000        0.000        0.000        0.000        0.000
    70:        0.000        0.000        0.000        0.000        0.000
    75:        0.000        0.000        0.000        0.000        0.000
    80:        0.000
V:
     0:        0.000        0.000        0.000        0.000        0.000
     5:        0.000        0.000        0.000        0.000        0.000
    10:        0.000        0.000        0.000        0.000        0.000
    15:        0.000        0.000        0.000        0.000        0.000
    20:        0.000        0.000        0.000        0.000        0.000
    25:        0.000        0.000        0.000        0.000        0.000
    30:        0.000        0.000        0.000        0.000        0.000
    35:        0.000        0.000        0.000        0.000        0.000
    40:        0.000        0.000        0.000        0.000        0.000
    45:        0.000        0.000        0.000        0.000        0.000
    50:        0.000        0.000        0.000        0.000        0.000
    55:        0.000        0.000        0.000        0.000        0.000
    60:        0.000        0.000        0.000        0.000        0.000
    65:        0.000        0.000        0.000        0.000        0.000
    70:        0.000        0.000        0.000        0.000        0.000
    75:        0.000        0.000        0.000        0.000        0.000
    80:        0.000
