File: C:\MED-PC\Data\2025-02-07_13h35m_Subject 5.3.txt


Start Date: 02/07/25
End Date: 02/07/25
Subject: 5.3
Experiment: 5HT
Group: 
Box: 7
Start Time: 13:35:16
End Time: 14:19:51
MSN: 25_IC_FR1_BothActive_Retract_Omit_60min_140reward
D:     140.000
F:      73.000
G:      67.000
H:       1.000
J:       0.000
K:      73.000
L:     129.000
M:       0.000
N:  243680.000
O:       0.000
R:       0.000
T:       0.000
U:       0.000
W:       1.000
X:      67.000
Y:       0.000
Z:       0.000
A:
     0:        0.000      212.000        0.000        0.000      600.000
     5:      400.000
B:
     0:        0.000       72.000        0.000
C:
     0:        6.000
E:
     0:        8.210       14.750       21.660       28.210       34.780
     5:       41.500       49.120       63.750       70.220       76.820
    10:       86.450       94.310      101.040      113.720      120.310
    15:      126.880      134.110      140.920      148.120      157.080
    20:      163.820      170.350      177.950      184.360      190.860
    25:      197.390      204.110      210.890      217.420      226.500
    30:      233.140      239.720      246.320      257.590      265.340
    35:      271.870      278.790      287.420      293.840      302.580
    40:      309.170      315.560      321.920      328.620      338.110
    45:      344.740      351.560      358.320      367.570      375.710
    50:      388.280      411.900      418.430      425.010      431.470
    55:      439.240      447.020      462.710      469.200      475.850
    60:      483.100      489.720      497.220      506.390      515.050
    65:      538.000      545.010      552.730      558.790      570.070
    70:      599.200      606.130      617.380      631.900      654.760
    75:      670.020      678.370      701.020      714.020      725.880
    80:      750.160      776.520      803.090      814.410      841.990
    85:      849.400      859.580      883.810      896.080      920.460
    90:      973.880     1100.030     1146.830     1193.900     1222.120
    95:     1273.620     1297.150     1324.310     1333.070     1442.860
   100:     1469.980     1571.040     1598.470     1613.660     1661.360
   105:     1666.680     1821.960     1831.300     1870.770     1878.910
   110:     1885.770     1901.200     1942.160     2002.360     2017.020
   115:     2045.210     2049.420     2077.690     2134.600     2144.190
   120:     2150.090     2173.560     2208.580     2234.800     2343.880
   125:     2368.570     2380.760     2387.770     2427.380
I:
     0:        0.000       13.680       20.310       27.150       33.730
     5:       40.310       46.970       54.400       60.730       75.510
    10:       82.190       92.030       99.840      106.660      119.200
    15:      125.900      132.410      139.530      146.480      153.690
    20:      162.720      169.350      175.920      183.440      189.900
    25:      196.410      202.870      209.600      216.380      222.910
    30:      231.950      238.680      245.230      251.820      263.190
    35:      270.880      277.470      284.200      292.910      299.400
    40:      308.120      314.730      321.060      327.390      334.220
    45:      343.440      350.330      357.090      363.820      372.970
    50:      381.310      393.680      409.800      417.480      424.020
    55:      430.550      437.020      444.730      452.350      468.010
    60:      474.740      481.420      488.380      494.940      502.700
    65:      511.880      520.520      536.640      543.470      550.620
    70:      557.520      564.260      575.670      591.790      604.720
    75:      611.560      622.790      637.460      653.580      660.230
    80:      675.520      683.730      699.850      706.420      719.460
    85:      731.310      747.430      755.600      771.720      781.950
    90:      798.070      808.590      819.880      836.000      847.500
    95:      854.740      864.580      880.700      889.210      901.580
   100:      914.910      925.920      942.040      954.740      968.150
   105:      984.270     1000.390     1016.510     1032.630     1047.290
   110:     1063.410     1071.190     1081.190     1096.720     1111.710
   115:     1125.990     1142.110     1158.230     1174.350     1190.470
   120:     1199.360     1215.480     1227.590     1239.330     1255.450
   125:     1271.570     1278.760     1294.880     1302.700     1318.820
   130:     1329.740     1338.400     1354.520     1370.640     1386.760
   135:     1402.880     1419.000     1435.120     1448.140     1464.260
   140:     1475.490     1491.610     1507.730     1523.850     1539.970
   145:     1556.090     1562.980     1572.240     1583.210     1590.340
   150:     1606.460     1619.060     1635.180     1651.300     1664.400
   155:     1671.460     1687.580     1703.700     1719.820     1735.940
   160:     1752.060     1768.180     1784.300     1800.420     1816.540
   165:     1827.310     1836.710     1852.830     1868.950     1876.090
   170:     1884.330     1891.150     1906.550     1922.670     1938.790
   175:     1947.620     1963.740     1979.860     1995.980     2007.840
   180:     2022.350     2030.580     2046.700     2054.790     2070.910
   185:     2082.330     2098.450     2114.570     2130.690     2140.160
   190:     2149.060     2155.520     2165.410     2180.350     2196.470
   195:     2212.590     2225.240     2240.240     2256.360     2272.480
   200:     2288.600     2304.720     2320.840     2336.960     2349.400
   205:     2365.520     2374.000     2385.640     2392.340     2408.460
   210:     2424.580     2432.860
P:
     0:      403.790      530.630      585.780      647.570      693.840
     5:      741.420      765.710      792.060      829.990      874.690
    10:      936.030      978.260      994.380     1010.500     1026.620
    15:     1057.400     1136.100     1152.220     1168.340     1184.460
    20:     1209.470     1249.440     1265.560     1288.870     1312.810
    25:     1348.510     1364.630     1380.750     1396.870     1412.990
    30:     1429.110     1458.250     1485.600     1501.720     1517.840
    35:     1533.960     1550.080     1600.450     1629.170     1645.290
    40:     1681.570     1697.690     1713.810     1729.930     1746.050
    45:     1762.170     1778.290     1794.410     1810.530     1846.820
    50:     1862.940     1916.660     1932.780     1957.730     1973.850
    55:     1989.970     2040.690     2064.900     2092.440     2108.560
    60:     2124.680     2190.460     2206.580     2250.350     2266.470
    65:     2282.590     2298.710     2314.830     2330.950     2359.510
    70:     2402.450     2418.570
Q:
     0:        7.670       21.140       27.720       40.960       48.390
     5:       69.500       93.830      113.190      133.520      147.680
    10:      156.710      177.430      210.370      216.900      232.670
    15:      264.870      271.460      328.210      351.080      357.810
    20:      375.300      387.670      438.720      446.340      462.000
    25:      468.730      475.410      482.370      488.930      514.510
    30:      544.610      558.250      605.550      616.780      654.220
    35:      669.510      677.720      713.450      725.300      749.590
    40:      775.940      802.580      813.870      841.490      883.200
    45:      895.570      919.910      948.730     1065.180     1075.180
    50:     1090.710     1119.980     1221.580     1233.320     1272.750
    55:     1577.200     1665.450     1821.300     1830.700     1885.140
    60:     1900.540     2024.570     2149.510     2159.400     2219.230
    65:     2343.390     2433.780
S:
     0:        0.000        0.000        0.000        0.000        0.000
     5:        0.000        0.000        0.000        0.000        0.000
    10:        0.000        0.000        0.000        0.000        0.000
    15:        0.000        0.000        0.000        0.000        0.000
    20:        0.000        0.000        0.000        0.000        0.000
    25:        0.000        0.000        0.000        0.000        0.000
    30:        0.000        0.000        0.000        0.000        0.000
    35:        0.000        0.000        0.000        0.000        0.000
    40:        0.000        0.000        0.000        0.000        0.000
    45:        0.000        0.000        0.000        0.000        0.000
    50:        0.000        0.000        0.000        0.000        0.000
    55:        0.000        0.000        0.000        0.000        0.000
    60:        0.000        0.000        0.000        0.000        0.000
    65:        0.000        0.000        0.000        0.000        0.000
    70:        0.000        0.000        0.000        0.000        0.000
    75:        0.000        0.000        0.000        0.000        0.000
    80:        0.000        0.000        0.000        0.000        0.000
    85:        0.000        0.000        0.000        0.000        0.000
    90:        0.000        0.000        0.000        0.000        0.000
    95:        0.000        0.000        0.000        0.000        0.000
   100:        0.000        0.000        0.000        0.000        0.000
   105:        0.000        0.000        0.000        0.000        0.000
   110:        0.000        0.000        0.000        0.000        0.000
   115:        0.000        0.000        0.000        0.000        0.000
   120:        0.000        0.000        0.000        0.000        0.000
   125:        0.000        0.000        0.000        0.000        0.000
   130:        0.000        0.000        0.000        0.000        0.000
   135:        0.000        0.000        0.000        0.000        0.000
   140:        0.000        0.000        0.000        0.000        0.000
   145:        0.000        0.000        0.000        0.000        0.000
   150:        0.000        0.000        0.000        0.000        0.000
   155:        0.000        0.000        0.000        0.000        0.000
   160:        0.000        0.000        0.000        0.000        0.000
   165:        0.000        0.000        0.000        0.000        0.000
   170:        0.000        0.000        0.000        0.000        0.000
   175:        0.000        0.000        0.000        0.000        0.000
   180:        0.000        0.000        0.000        0.000        0.000
   185:        0.000        0.000        0.000        0.000        0.000
   190:        0.000        0.000        0.000        0.000        0.000
   195:        0.000        0.000        0.000        0.000        0.000
   200:        0.000        0.000        0.000        0.000        0.000
   205:        0.000        0.000        0.000        0.000        0.000
   210:        0.000        0.000        0.000        0.000        0.000
   215:        0.000        0.000        0.000        0.000        0.000
   220:        0.000        0.000        0.000        0.000        0.000
   225:        0.000        0.000        0.000        0.000        0.000
   230:        0.000        0.000        0.000        0.000        0.000
   235:        0.000        0.000        0.000        0.000        0.000
   240:        0.000        0.000        0.000        0.000        0.000
   245:        0.000        0.000        0.000        0.000        0.000
   250:        0.000        0.000        0.000        0.000        0.000
   255:        0.000        0.000        0.000        0.000        0.000
   260:        0.000        0.000        0.000        0.000        0.000
   265:        0.000        0.000        0.000        0.000        0.000
   270:        0.000        0.000        0.000        0.000        0.000
   275:        0.000        0.000        0.000        0.000        0.000
   280:        0.000        0.000        0.000        0.000        0.000
   285:        0.000        0.000        0.000        0.000        0.000
   290:        0.000        0.000        0.000        0.000        0.000
   295:        0.000        0.000        0.000        0.000        0.000
   300:        0.000        0.000        0.000        0.000        0.000
   305:        0.000        0.000        0.000        0.000        0.000
   310:        0.000        0.000        0.000        0.000        0.000
   315:        0.000        0.000        0.000        0.000        0.000
   320:        0.000        0.000        0.000        0.000        0.000
   325:        0.000        0.000        0.000        0.000        0.000
   330:        0.000        0.000        0.000        0.000        0.000
   335:        0.000        0.000        0.000        0.000        0.000
   340:        0.000        0.000        0.000        0.000        0.000
   345:        0.000        0.000        0.000        0.000        0.000
   350:        0.000        0.000        0.000        0.000        0.000
   355:        0.000        0.000        0.000        0.000        0.000
   360:        0.000        0.000        0.000        0.000        0.000
   365:        0.000        0.000        0.000        0.000        0.000
   370:        0.000        0.000        0.000        0.000        0.000
   375:        0.000        0.000        0.000        0.000        0.000
   380:        0.000        0.000        0.000        0.000        0.000
   385:        0.000        0.000        0.000        0.000        0.000
   390:        0.000        0.000        0.000        0.000        0.000
   395:        0.000        0.000        0.000        0.000        0.000
   400:        0.000        0.000        0.000        0.000        0.000
   405:        0.000        0.000        0.000        0.000        0.000
   410:        0.000        0.000        0.000        0.000        0.000
   415:        0.000        0.000        0.000        0.000        0.000
   420:        0.000        0.000        0.000        0.000        0.000
   425:        0.000        0.000        0.000        0.000        0.000
   430:        0.000        0.000        0.000        0.000        0.000
   435:        0.000        0.000        0.000        0.000        0.000
   440:        0.000        0.000        0.000        0.000        0.000
   445:        0.000        0.000        0.000        0.000        0.000
   450:        0.000        0.000        0.000        0.000        0.000
   455:        0.000        0.000        0.000        0.000        0.000
   460:        0.000        0.000        0.000        0.000        0.000
   465:        0.000        0.000        0.000        0.000        0.000
   470:        0.000        0.000        0.000        0.000        0.000
   475:        0.000        0.000        0.000        0.000        0.000
   480:        0.000        0.000        0.000        0.000        0.000
   485:        0.000        0.000        0.000        0.000        0.000
   490:        0.000        0.000        0.000        0.000        0.000
   495:        0.000        0.000        0.000        0.000        0.000
   500:        0.000        0.000        0.000        0.000        0.000
   505:        0.000        0.000        0.000        0.000        0.000
   510:        0.000        0.000        0.000        0.000        0.000
   515:        0.000        0.000        0.000        0.000        0.000
   520:        0.000        0.000        0.000        0.000        0.000
   525:        0.000        0.000        0.000        0.000        0.000
   530:        0.000        0.000        0.000        0.000        0.000
   535:        0.000        0.000        0.000        0.000        0.000
   540:        0.000        0.000        0.000        0.000        0.000
   545:        0.000        0.000        0.000        0.000        0.000
   550:        0.000        0.000        0.000        0.000        0.000
   555:        0.000        0.000        0.000        0.000        0.000
   560:        0.000        0.000        0.000        0.000        0.000
   565:        0.000        0.000        0.000        0.000        0.000
   570:        0.000        0.000        0.000        0.000        0.000
   575:        0.000        0.000        0.000        0.000        0.000
   580:        0.000        0.000        0.000        0.000        0.000
   585:        0.000        0.000        0.000        0.000        0.000
   590:        0.000        0.000        0.000        0.000        0.000
   595:        0.000        0.000        0.000        0.000        0.000
   600:        0.000        0.000        0.000        0.000        0.000
   605:        0.000        0.000        0.000        0.000        0.000
   610:        0.000        0.000        0.000        0.000        0.000
   615:        0.000        0.000        0.000        0.000        0.000
   620:        0.000        0.000        0.000        0.000        0.000
   625:        0.000        0.000        0.000        0.000        0.000
   630:        0.000        0.000        0.000        0.000        0.000
   635:        0.000        0.000        0.000        0.000        0.000
   640:        0.000        0.000        0.000        0.000        0.000
   645:        0.000        0.000        0.000        0.000        0.000
   650:        0.000        0.000        0.000        0.000        0.000
   655:        0.000        0.000        0.000        0.000        0.000
   660:        0.000        0.000        0.000        0.000        0.000
   665:        0.000        0.000        0.000        0.000        0.000
   670:        0.000        0.000        0.000        0.000        0.000
   675:        0.000        0.000        0.000        0.000        0.000
   680:        0.000        0.000        0.000        0.000        0.000
   685:        0.000        0.000        0.000        0.000        0.000
   690:        0.000        0.000        0.000        0.000        0.000
   695:        0.000        0.000        0.000        0.000        0.000
   700:        0.000        0.000        0.000        0.000        0.000
   705:        0.000        0.000        0.000        0.000        0.000
   710:        0.000        0.000        0.000        0.000        0.000
   715:        0.000        0.000        0.000        0.000        0.000
   720:        0.000        0.000        0.000        0.000        0.000
   725:        0.000        0.000        0.000        0.000        0.000
   730:        0.000        0.000        0.000        0.000        0.000
   735:        0.000        0.000        0.000        0.000        0.000
   740:        0.000        0.000        0.000        0.000        0.000
   745:        0.000        0.000        0.000        0.000        0.000
   750:        0.000        0.000        0.000        0.000        0.000
   755:        0.000        0.000        0.000        0.000        0.000
   760:        0.000        0.000        0.000        0.000        0.000
   765:        0.000        0.000        0.000        0.000        0.000
   770:        0.000        0.000        0.000        0.000        0.000
   775:        0.000        0.000        0.000        0.000        0.000
   780:        0.000        0.000        0.000        0.000        0.000
   785:        0.000        0.000        0.000        0.000        0.000
   790:        0.000        0.000        0.000        0.000        0.000
   795:        0.000        0.000        0.000        0.000        0.000
   800:        0.000        0.000        0.000        0.000        0.000
   805:        0.000        0.000        0.000        0.000        0.000
   810:        0.000        0.000        0.000        0.000        0.000
   815:        0.000        0.000        0.000        0.000        0.000
   820:        0.000        0.000        0.000        0.000        0.000
   825:        0.000        0.000        0.000        0.000        0.000
   830:        0.000        0.000        0.000        0.000        0.000
   835:        0.000        0.000        0.000        0.000        0.000
   840:        0.000        0.000        0.000        0.000        0.000
   845:        0.000        0.000        0.000        0.000        0.000
   850:        0.000        0.000        0.000        0.000        0.000
   855:        0.000        0.000        0.000        0.000        0.000
   860:        0.000        0.000        0.000        0.000        0.000
   865:        0.000        0.000        0.000        0.000        0.000
   870:        0.000        0.000        0.000        0.000        0.000
   875:        0.000        0.000        0.000        0.000        0.000
   880:        0.000        0.000        0.000        0.000        0.000
   885:        0.000        0.000        0.000        0.000        0.000
   890:        0.000        0.000        0.000        0.000        0.000
   895:        0.000        0.000        0.000        0.000        0.000
   900:        0.000        0.000        0.000        0.000        0.000
   905:        0.000        0.000        0.000        0.000        0.000
   910:        0.000        0.000        0.000        0.000        0.000
   915:        0.000        0.000        0.000        0.000        0.000
   920:        0.000        0.000        0.000        0.000        0.000
   925:        0.000        0.000        0.000        0.000        0.000
   930:        0.000        0.000        0.000        0.000        0.000
   935:        0.000        0.000        0.000        0.000        0.000
   940:        0.000        0.000        0.000        0.000        0.000
   945:        0.000        0.000        0.000        0.000        0.000
   950:        0.000        0.000        0.000        0.000        0.000
   955:        0.000        0.000        0.000        0.000        0.000
   960:        0.000        0.000        0.000        0.000        0.000
   965:        0.000        0.000        0.000        0.000        0.000
   970:        0.000        0.000        0.000        0.000        0.000
   975:        0.000        0.000        0.000        0.000        0.000
   980:        0.000        0.000        0.000        0.000        0.000
   985:        0.000        0.000        0.000        0.000        0.000
   990:        0.000        0.000        0.000        0.000        0.000
   995:        0.000        0.000        0.000        0.000        0.000
  1000:        0.000        0.000        0.000        0.000        0.000
  1005:        0.000        0.000        0.000        0.000        0.000
  1010:        0.000        0.000        0.000        0.000        0.000
  1015:        0.000        0.000        0.000        0.000        0.000
  1020:        0.000        0.000        0.000        0.000        0.000
  1025:        0.000        0.000        0.000        0.000        0.000
  1030:        0.000        0.000        0.000        0.000        0.000
  1035:        0.000        0.000        0.000        0.000        0.000
  1040:        0.000        0.000        0.000        0.000        0.000
  1045:        0.000        0.000        0.000        0.000        0.000
  1050:        0.000        0.000        0.000        0.000        0.000
  1055:        0.000        0.000        0.000        0.000        0.000
  1060:        0.000        0.000        0.000        0.000        0.000
  1065:        0.000        0.000        0.000        0.000        0.000
  1070:        0.000        0.000        0.000        0.000        0.000
  1075:        0.000        0.000        0.000        0.000        0.000
  1080:        0.000        0.000        0.000        0.000        0.000
  1085:        0.000        0.000        0.000        0.000        0.000
  1090:        0.000        0.000        0.000        0.000        0.000
  1095:        0.000        0.000        0.000        0.000        0.000
  1100:        0.000        0.000        0.000        0.000        0.000
  1105:        0.000        0.000        0.000        0.000        0.000
  1110:        0.000        0.000        0.000        0.000        0.000
  1115:        0.000        0.000        0.000        0.000        0.000
  1120:        0.000        0.000        0.000        0.000        0.000
  1125:        0.000        0.000        0.000        0.000        0.000
  1130:        0.000        0.000        0.000        0.000        0.000
  1135:        0.000        0.000        0.000        0.000        0.000
  1140:        0.000        0.000        0.000        0.000        0.000
  1145:        0.000        0.000        0.000        0.000        0.000
  1150:        0.000        0.000        0.000        0.000        0.000
  1155:        0.000        0.000        0.000        0.000        0.000
  1160:        0.000        0.000        0.000        0.000        0.000
  1165:        0.000        0.000        0.000        0.000        0.000
  1170:        0.000        0.000        0.000        0.000        0.000
  1175:        0.000        0.000        0.000        0.000        0.000
  1180:        0.000        0.000        0.000        0.000        0.000
  1185:        0.000        0.000        0.000        0.000        0.000
  1190:        0.000        0.000        0.000        0.000        0.000
  1195:        0.000        0.000        0.000        0.000        0.000
  1200:        0.000        0.000        0.000        0.000        0.000
  1205:        0.000        0.000        0.000        0.000        0.000
  1210:        0.000        0.000        0.000        0.000        0.000
  1215:        0.000        0.000        0.000        0.000        0.000
  1220:        0.000        0.000        0.000        0.000        0.000
  1225:        0.000        0.000        0.000        0.000        0.000
  1230:        0.000        0.000        0.000        0.000        0.000
  1235:        0.000        0.000        0.000        0.000        0.000
  1240:        0.000        0.000        0.000        0.000        0.000
  1245:        0.000        0.000        0.000        0.000        0.000
  1250:        0.000        0.000        0.000        0.000        0.000
  1255:        0.000        0.000        0.000        0.000        0.000
  1260:        0.000        0.000        0.000        0.000        0.000
  1265:        0.000        0.000        0.000        0.000        0.000
  1270:        0.000        0.000        0.000        0.000        0.000
  1275:        0.000        0.000        0.000        0.000        0.000
  1280:        0.000        0.000        0.000        0.000        0.000
  1285:        0.000        0.000        0.000        0.000        0.000
  1290:        0.000        0.000        0.000        0.000        0.000
  1295:        0.000        0.000        0.000        0.000        0.000
  1300:        0.000        0.000        0.000        0.000        0.000
  1305:        0.000        0.000        0.000        0.000        0.000
  1310:        0.000        0.000        0.000        0.000        0.000
  1315:        0.000        0.000        0.000        0.000        0.000
  1320:        0.000        0.000        0.000        0.000        0.000
  1325:        0.000        0.000        0.000        0.000        0.000
  1330:        0.000        0.000        0.000        0.000        0.000
  1335:        0.000        0.000        0.000        0.000        0.000
  1340:        0.000        0.000        0.000        0.000        0.000
  1345:        0.000        0.000        0.000        0.000        0.000
  1350:        0.000        0.000        0.000        0.000        0.000
  1355:        0.000        0.000        0.000        0.000        0.000
  1360:        0.000        0.000        0.000        0.000        0.000
  1365:        0.000        0.000        0.000        0.000        0.000
  1370:        0.000        0.000        0.000        0.000        0.000
  1375:        0.000        0.000        0.000        0.000        0.000
  1380:        0.000        0.000        0.000        0.000        0.000
  1385:        0.000        0.000        0.000        0.000        0.000
  1390:        0.000        0.000        0.000        0.000        0.000
  1395:        0.000        0.000        0.000        0.000        0.000
  1400:        0.000        0.000        0.000        0.000        0.000
  1405:        0.000        0.000        0.000        0.000        0.000
  1410:        0.000        0.000        0.000        0.000        0.000
  1415:        0.000        0.000        0.000        0.000        0.000
  1420:        0.000        0.000        0.000        0.000        0.000
  1425:        0.000        0.000        0.000        0.000        0.000
  1430:        0.000        0.000        0.000        0.000        0.000
  1435:        0.000        0.000        0.000        0.000        0.000
  1440:        0.000        0.000        0.000        0.000        0.000
  1445:        0.000        0.000        0.000        0.000        0.000
  1450:        0.000        0.000        0.000        0.000        0.000
  1455:        0.000        0.000        0.000        0.000        0.000
  1460:        0.000        0.000        0.000        0.000        0.000
  1465:        0.000        0.000        0.000        0.000        0.000
  1470:        0.000        0.000        0.000        0.000        0.000
  1475:        0.000        0.000        0.000        0.000        0.000
  1480:        0.000        0.000        0.000        0.000        0.000
  1485:        0.000        0.000        0.000        0.000        0.000
  1490:        0.000        0.000        0.000        0.000        0.000
  1495:        0.000        0.000        0.000        0.000        0.000
  1500:        0.000        0.000        0.000        0.000        0.000
  1505:        0.000        0.000        0.000        0.000        0.000
  1510:        0.000        0.000        0.000        0.000        0.000
  1515:        0.000        0.000        0.000        0.000        0.000
  1520:        0.000        0.000        0.000        0.000        0.000
  1525:        0.000        0.000        0.000        0.000        0.000
  1530:        0.000        0.000        0.000        0.000        0.000
  1535:        0.000        0.000        0.000        0.000        0.000
  1540:        0.000        0.000        0.000        0.000        0.000
  1545:        0.000        0.000        0.000        0.000        0.000
  1550:        0.000        0.000        0.000        0.000        0.000
  1555:        0.000        0.000        0.000        0.000        0.000
  1560:        0.000        0.000        0.000        0.000        0.000
  1565:        0.000        0.000        0.000        0.000        0.000
  1570:        0.000        0.000        0.000        0.000        0.000
  1575:        0.000        0.000        0.000        0.000        0.000
  1580:        0.000        0.000        0.000        0.000        0.000
  1585:        0.000        0.000        0.000        0.000        0.000
  1590:        0.000        0.000        0.000        0.000        0.000
  1595:        0.000        0.000        0.000        0.000        0.000
  1600:        0.000        0.000        0.000        0.000        0.000
  1605:        0.000        0.000        0.000        0.000        0.000
  1610:        0.000        0.000        0.000        0.000        0.000
  1615:        0.000        0.000        0.000        0.000        0.000
  1620:        0.000        0.000        0.000        0.000        0.000
  1625:        0.000        0.000        0.000        0.000        0.000
  1630:        0.000        0.000        0.000        0.000        0.000
  1635:        0.000        0.000        0.000        0.000        0.000
  1640:        0.000        0.000        0.000        0.000        0.000
  1645:        0.000        0.000        0.000        0.000        0.000
  1650:        0.000        0.000        0.000        0.000        0.000
  1655:        0.000        0.000        0.000        0.000        0.000
  1660:        0.000        0.000        0.000        0.000        0.000
  1665:        0.000        0.000        0.000        0.000        0.000
  1670:        0.000        0.000        0.000        0.000        0.000
  1675:        0.000        0.000        0.000        0.000        0.000
  1680:        0.000        0.000        0.000        0.000        0.000
  1685:        0.000        0.000        0.000        0.000        0.000
  1690:        0.000        0.000        0.000        0.000        0.000
  1695:        0.000        0.000        0.000        0.000        0.000
  1700:        0.000        0.000        0.000        0.000        0.000
  1705:        0.000        0.000        0.000        0.000        0.000
  1710:        0.000        0.000        0.000        0.000        0.000
  1715:        0.000        0.000        0.000        0.000        0.000
  1720:        0.000        0.000        0.000        0.000        0.000
  1725:        0.000        0.000        0.000        0.000        0.000
  1730:        0.000        0.000        0.000        0.000        0.000
  1735:        0.000        0.000        0.000        0.000        0.000
  1740:        0.000        0.000        0.000        0.000        0.000
  1745:        0.000        0.000        0.000        0.000        0.000
  1750:        0.000        0.000        0.000        0.000        0.000
  1755:        0.000        0.000        0.000        0.000        0.000
  1760:        0.000        0.000        0.000        0.000        0.000
  1765:        0.000        0.000        0.000        0.000        0.000
  1770:        0.000        0.000        0.000        0.000        0.000
  1775:        0.000        0.000        0.000        0.000        0.000
  1780:        0.000        0.000        0.000        0.000        0.000
  1785:        0.000        0.000        0.000        0.000        0.000
  1790:        0.000        0.000        0.000        0.000        0.000
  1795:        0.000        0.000        0.000        0.000        0.000
  1800:        0.000        0.000        0.000        0.000        0.000
  1805:        0.000        0.000        0.000        0.000        0.000
  1810:        0.000        0.000        0.000        0.000        0.000
  1815:        0.000        0.000        0.000        0.000        0.000
  1820:        0.000        0.000        0.000        0.000        0.000
  1825:        0.000        0.000        0.000        0.000        0.000
  1830:        0.000        0.000        0.000        0.000        0.000
  1835:        0.000        0.000        0.000        0.000        0.000
  1840:        0.000        0.000        0.000        0.000        0.000
  1845:        0.000        0.000        0.000        0.000        0.000
  1850:        0.000        0.000        0.000        0.000        0.000
  1855:        0.000        0.000        0.000        0.000        0.000
  1860:        0.000        0.000        0.000        0.000        0.000
  1865:        0.000        0.000        0.000        0.000        0.000
  1870:        0.000        0.000        0.000        0.000        0.000
  1875:        0.000        0.000        0.000        0.000        0.000
  1880:        0.000        0.000        0.000        0.000        0.000
  1885:        0.000        0.000        0.000        0.000        0.000
  1890:        0.000        0.000        0.000        0.000        0.000
  1895:        0.000        0.000        0.000        0.000        0.000
  1900:        0.000        0.000        0.000        0.000        0.000
  1905:        0.000        0.000        0.000        0.000        0.000
  1910:        0.000        0.000        0.000        0.000        0.000
  1915:        0.000        0.000        0.000        0.000        0.000
  1920:        0.000        0.000        0.000        0.000        0.000
  1925:        0.000        0.000        0.000        0.000        0.000
  1930:        0.000        0.000        0.000        0.000        0.000
  1935:        0.000        0.000        0.000        0.000        0.000
  1940:        0.000        0.000        0.000        0.000        0.000
  1945:        0.000        0.000        0.000        0.000        0.000
  1950:        0.000        0.000        0.000        0.000        0.000
  1955:        0.000        0.000        0.000        0.000        0.000
  1960:        0.000        0.000        0.000        0.000        0.000
  1965:        0.000        0.000        0.000        0.000        0.000
  1970:        0.000        0.000        0.000        0.000        0.000
  1975:        0.000        0.000        0.000        0.000        0.000
  1980:        0.000        0.000        0.000        0.000        0.000
  1985:        0.000        0.000        0.000        0.000        0.000
  1990:        0.000        0.000        0.000        0.000        0.000
  1995:        0.000        0.000        0.000        0.000        0.000
  2000:        0.000
V:
     0:       14.300       34.300       54.720       76.180       86.020
     5:      100.650      119.890      126.400      140.470      163.340
    10:      169.910      183.890      190.400      196.860      203.590
    15:      225.940      239.220      245.810      257.180      278.190
    20:      286.900      293.390      302.110      308.720      315.050
    25:      321.380      337.430      344.320      366.960      411.470
    30:      418.010      424.540      431.010      496.690      505.870
    35:      537.460      551.510      569.660      598.710      631.450
    40:      700.410      848.730      858.570      908.900      962.140
    45:     1041.280     1105.700     1193.350     1296.690     1323.730
    50:     1332.390     1442.130     1469.480     1556.970     1566.230
    55:     1584.330     1613.050     1658.390     1870.080     1878.320
    60:     1941.610     2001.830     2016.340     2048.780     2076.320
    65:     2134.150     2143.050     2174.340     2234.230     2367.990
    70:     2379.630     2386.330     2426.850
