File: C:\MED-PC\Data\2025-01-27_14h04m_Subject 6.3.txt


Start Date: 01/27/25
End Date: 01/27/25
Subject: 6.3
Experiment: 5HT
Group: 
Box: 11
Start Time: 14:04:58
End Time: 14:47:27
MSN: LD_FR1_RightLever_30min_40reward_LeftLever_30min_40reward
A:      80.000
B:       0.000
C:       0.000
D:      80.000
F:       0.000
G:       0.000
H:       0.000
J:       0.000
K:      40.000
L:      56.000
M:       0.000
N:  254088.000
O:       0.000
P:       0.000
R:       0.000
S:       0.000
T:       0.000
U:       0.000
W:       0.000
X:      40.000
Y:       0.000
Z:       0.000
E:
     0:       69.410      489.800      549.100      596.700      625.750
     5:      649.950      685.590      727.390      755.980      800.600
    10:      819.130      864.690      900.290      933.490      977.400
    15:      998.580     1055.050     1083.830     1139.250     1158.550
    20:     1196.450     1231.610     1294.230     1331.230     1392.560
    25:     1423.970     1432.100     1460.130     1524.120     1539.460
    30:     1570.680     1605.380     1627.540     1637.160     1678.090
    35:     1711.570     1754.250     1771.980     1814.840     1828.470
    40:     1889.320     1897.760     1923.810     1948.230     2004.110
    45:     2020.220     2037.300     2063.310     2082.020     2091.160
    50:     2118.800     2175.530     2221.500     2250.700     2317.990
    55:     2417.510
I:
     0:        0.000        0.100       56.950      488.640      536.760
     5:      588.710      592.970      614.240      618.090      622.650
    10:      625.880      648.740      686.180      726.970      751.960
    15:      793.150      820.660      862.290      898.870      929.230
    20:      977.820      997.300     1055.070     1084.560     1134.340
    25:     1157.070     1197.150     1227.220     1231.700     1285.200
    30:     1289.460     1325.650     1394.640     1420.010     1425.900
    35:     1431.120     1461.190     1523.260     1539.280     1570.830
    40:     1606.030     1628.800     1637.950     1650.160     1656.380
    45:     1664.600     1694.520     1710.070     1754.920     1772.520
    50:     1813.910     1829.060     1877.880     1894.820     1898.450
    55:     1920.860     1947.600     1982.820     2015.050     2036.580
    60:     2063.600     2080.100     2088.440     2105.830     2174.310
    65:     2221.710     2245.470     2251.000     2265.740     2270.950
    70:     2274.210     2287.380     2307.170     2312.390     2355.610
    75:     2391.110     2394.780     2412.720     2418.420     2516.010
    80:     2521.050
Q:
     0:     2540.860        0.000        0.000        0.000        0.000
     5:        0.000        0.000        0.000        0.000        0.000
    10:        0.000        0.000        0.000        0.000        0.000
    15:        0.000        0.000        0.000        0.000        0.000
    20:        0.000        0.000        0.000        0.000        0.000
    25:        0.000        0.000        0.000        0.000        0.000
    30:        0.000        0.000        0.000        0.000        0.000
    35:        0.000        0.000        0.000        0.000        0.000
    40:        0.000        0.000        0.000        0.000        0.000
    45:        0.000        0.000        0.000        0.000        0.000
    50:        0.000        0.000        0.000        0.000        0.000
    55:        0.000        0.000        0.000        0.000        0.000
    60:        0.000        0.000        0.000        0.000        0.000
    65:        0.000        0.000        0.000        0.000        0.000
    70:        0.000        0.000        0.000        0.000        0.000
    75:        0.000        0.000        0.000        0.000        0.000
    80:        0.000
V:
     0:        0.000        0.000        0.000        0.000        0.000
     5:        0.000        0.000        0.000        0.000        0.000
    10:        0.000        0.000        0.000        0.000        0.000
    15:        0.000        0.000        0.000        0.000        0.000
    20:        0.000        0.000        0.000        0.000        0.000
    25:        0.000        0.000        0.000        0.000        0.000
    30:        0.000        0.000        0.000        0.000        0.000
    35:        0.000        0.000        0.000        0.000        0.000
    40:        0.000        0.000        0.000        0.000        0.000
    45:        0.000        0.000        0.000        0.000        0.000
    50:        0.000        0.000        0.000        0.000        0.000
    55:        0.000        0.000        0.000        0.000        0.000
    60:        0.000        0.000        0.000        0.000        0.000
    65:        0.000        0.000        0.000        0.000        0.000
    70:        0.000        0.000        0.000        0.000        0.000
    75:        0.000        0.000        0.000        0.000        0.000
    80:        0.000
