File: C:\MED-PC\Data\2025-01-28_12h33m_Subject 1.3.txt


Start Date: 01/28/25
End Date: 01/28/25
Subject: 1.3
Experiment: 5HT
Group: 
Box: 3
Start Time: 12:33:00
End Time: 13:33:07
MSN: LD_FR1_LeftLever_30min_40reward_RightLever_30min_40reward
A:      27.000
B:       0.000
C:       0.000
D:      26.000
F:       0.000
G:       0.000
H:       0.000
J:       0.000
K:      26.000
L:      21.000
M:       0.000
N:  360001.000
O:       0.000
P:       0.000
R:       0.000
S:       0.000
T:       0.000
U:       0.000
W:       0.000
X:       0.000
Y:       0.000
Z:       0.000
E:
     0:      255.570      492.190      544.220      686.110      818.910
     5:      914.420      932.320      962.680     1017.980     1091.220
    10:     1374.950     1634.140     1900.910     1922.600     2274.460
    15:     2383.980     2457.990     2549.700     3378.120     3489.390
    20:     3541.070
I:
     0:        0.000        0.100      216.510      362.750      528.120
     5:      665.270      678.650      685.930      817.970      913.730
    10:      928.040      960.980     1014.810     1082.180     1086.110
    15:     1360.370     1375.410     1629.040     1899.730     1917.390
    20:     2273.020     2378.280     2428.180     2538.040     3378.030
    25:     3470.800     3541.110     3592.920        0.000        0.000
    30:        0.000        0.000        0.000        0.000        0.000
    35:        0.000        0.000        0.000        0.000        0.000
    40:        0.000        0.000        0.000        0.000        0.000
    45:        0.000        0.000        0.000        0.000        0.000
    50:        0.000        0.000        0.000        0.000        0.000
    55:        0.000        0.000        0.000        0.000        0.000
    60:        0.000        0.000        0.000        0.000        0.000
    65:        0.000        0.000        0.000        0.000        0.000
    70:        0.000        0.000        0.000        0.000        0.000
    75:        0.000        0.000        0.000        0.000        0.000
    80:        0.000
Q:
     0:     3589.810        0.000        0.000        0.000        0.000
     5:        0.000        0.000        0.000        0.000        0.000
    10:        0.000        0.000        0.000        0.000        0.000
    15:        0.000        0.000        0.000        0.000        0.000
    20:        0.000        0.000        0.000        0.000        0.000
    25:        0.000        0.000        0.000        0.000        0.000
    30:        0.000        0.000        0.000        0.000        0.000
    35:        0.000        0.000        0.000        0.000        0.000
    40:        0.000        0.000        0.000        0.000        0.000
    45:        0.000        0.000        0.000        0.000        0.000
    50:        0.000        0.000        0.000        0.000        0.000
    55:        0.000        0.000        0.000        0.000        0.000
    60:        0.000        0.000        0.000        0.000        0.000
    65:        0.000        0.000        0.000        0.000        0.000
    70:        0.000        0.000        0.000        0.000        0.000
    75:        0.000        0.000        0.000        0.000        0.000
    80:        0.000
V:
     0:        0.000        0.000        0.000        0.000        0.000
     5:        0.000        0.000        0.000        0.000        0.000
    10:        0.000        0.000        0.000        0.000        0.000
    15:        0.000        0.000        0.000        0.000        0.000
    20:        0.000        0.000        0.000        0.000        0.000
    25:        0.000        0.000        0.000        0.000        0.000
    30:        0.000        0.000        0.000        0.000        0.000
    35:        0.000        0.000        0.000        0.000        0.000
    40:        0.000        0.000        0.000        0.000        0.000
    45:        0.000        0.000        0.000        0.000        0.000
    50:        0.000        0.000        0.000        0.000        0.000
    55:        0.000        0.000        0.000        0.000        0.000
    60:        0.000        0.000        0.000        0.000        0.000
    65:        0.000        0.000        0.000        0.000        0.000
    70:        0.000        0.000        0.000        0.000        0.000
    75:        0.000        0.000        0.000        0.000        0.000
    80:        0.000
