File: C:\MED-PC\Data\2025-02-05_13h32m_Subject 2.4.txt


Start Date: 02/05/25
End Date: 02/05/25
Subject: 2.4
Experiment: 5HT
Group: 
Box: 2
Start Time: 13:32:01
End Time: 13:55:57
MSN: 25_IC_FR1_BothActive_Retract_Omit_60min_140reward
D:     140.000
F:      60.000
G:      80.000
H:       4.000
J:       0.000
K:      60.000
L:     130.000
M:       0.000
N:  142895.000
O:       0.000
R:       0.000
T:       0.000
U:       0.000
W:       1.000
X:      80.000
Y:       0.000
Z:       0.000
A:
     0:        0.000      156.000        0.000        0.000      600.000
     5:      400.000
B:
     0:        0.000       16.000        0.000
C:
     0:        6.000
E:
     0:        2.780       30.770       37.740       49.190       56.060
     5:       62.700       73.860       84.560       91.440       98.640
    10:      108.250      116.610      123.500      130.770      137.370
    15:      146.170      152.740      159.690      166.830      173.800
    20:      180.740      188.340      196.720      204.350      212.120
    25:      219.330      225.800      232.420      240.280      246.990
    30:      254.380      261.470      268.950      275.700      284.680
    35:      291.290      297.790      310.030      316.460      323.220
    40:      330.920      337.810      344.670      351.750      358.950
    45:      367.230      373.920      382.320      389.530      396.300
    50:      403.480      410.230      419.160      426.110      452.650
    55:      459.540      467.480      474.650      481.250      490.880
    60:      497.370      506.310      516.640      525.890      532.370
    65:      539.350      546.960      554.720      565.350      575.380
    70:      583.520      606.750      613.750      620.490      628.350
    75:      635.090      642.200      649.190      656.180      663.970
    80:      677.820      682.660      689.320      696.630      703.250
    85:      714.560      729.220      743.760      751.520      758.740
    90:      781.450      788.470      803.680      808.620      818.790
    95:      842.390      853.450      860.140      868.630      875.230
   100:      890.250      896.320      905.490      916.440      944.730
   105:      949.620      956.640      967.410      983.170      995.940
   110:     1022.550     1031.320     1040.310     1064.470     1070.490
   115:     1077.850     1104.110     1118.040     1130.590     1137.350
   120:     1161.020     1172.550     1207.450     1243.490     1255.990
   125:     1269.790     1301.610     1360.020     1387.440     1412.750
I:
     0:        0.000        7.960       24.080       36.050       43.150
     5:       54.540       61.370       68.210       79.090       89.830
    10:       96.690      103.480      113.550      121.970      128.880
    15:      136.150      142.480      151.510      157.840      164.780
    20:      171.980      179.200      186.080      193.400      202.000
    25:      208.920      217.150      223.990      231.130      237.770
    30:      245.410      252.180      259.620      266.810      274.360
    35:      281.050      289.610      296.660      302.990      314.800
    40:      321.740      328.510      336.170      343.110      350.020
    45:      356.960      364.280      372.410      379.240      387.660
    50:      394.860      401.490      408.670      415.590      423.950
    55:      431.450      447.570      457.800      464.540      472.750
    60:      479.930      486.640      495.570      502.730      511.660
    65:      521.940      531.230      537.560      543.890      552.400
    70:      560.060      570.470      580.310      588.880      605.000
    75:      612.140      619.210      625.860      633.500      640.550
    80:      647.650      654.620      661.470      669.420      681.200
    85:      688.040      694.780      701.900      708.620      719.090
    90:      734.350      749.100      756.740      764.150      780.270
    95:      786.600      793.890      803.330      813.980      824.180
   100:      840.300      847.750      857.040      865.180      873.750
   105:      880.520      894.960      901.780      910.870      921.730
   110:      928.550      944.670      955.010      961.930      972.790
   115:      988.550     1001.270     1017.390     1027.800     1036.560
   120:     1044.930     1052.850     1068.970     1075.890     1083.040
   125:     1099.160     1109.510     1123.370     1135.140     1142.640
   130:     1158.760     1166.400     1177.320     1186.300     1193.270
   135:     1200.810     1212.630     1222.050     1238.170     1254.290
   140:     1261.110     1268.260     1274.900     1281.340     1289.060
   145:     1304.880     1312.950     1320.340     1336.460     1352.580
   150:     1368.700     1384.430     1392.530     1408.650     1415.960
   155:     1424.950
P:
     0:       18.070      441.560      598.990      774.260      834.290
     5:      938.660     1011.380     1062.960     1093.150     1152.750
    10:     1232.160     1248.280     1330.450     1346.570     1362.690
    15:     1402.640
Q:
     0:       30.040       37.140       48.530       55.360       83.820
     5:      115.960      130.140      145.500      151.830      173.190
    10:      195.990      217.980      231.760      268.350      315.730
    15:      322.500      330.160      344.010      350.950      358.270
    20:      373.230      388.850      395.480      402.660      409.580
    25:      458.530      466.740      473.920      489.560      496.720
    30:      515.930      525.220      546.390      554.050      564.460
    35:      582.870      606.130      613.200      619.850      641.640
    40:      648.610      655.460      663.410      675.190      682.030
    45:      688.770      695.890      713.080      743.090      787.880
    50:      797.320      807.970      841.740      851.030      867.740
    55:      915.720      922.540      949.000      955.920      995.260
    60:     1030.550     1038.920     1069.880     1077.030     1103.500
    65:     1117.360     1160.390     1180.290     1187.260     1194.800
    70:     1206.620     1255.100     1262.250     1268.890     1283.050
    75:     1306.940     1386.520     1409.950     1418.940     1425.930
S:
     0:        0.000        0.000        0.000        0.000        0.000
     5:        0.000        0.000        0.000        0.000        0.000
    10:        0.000        0.000        0.000        0.000        0.000
    15:        0.000        0.000        0.000        0.000        0.000
    20:        0.000        0.000        0.000        0.000        0.000
    25:        0.000        0.000        0.000        0.000        0.000
    30:        0.000        0.000        0.000        0.000        0.000
    35:        0.000        0.000        0.000        0.000        0.000
    40:        0.000        0.000        0.000        0.000        0.000
    45:        0.000        0.000        0.000        0.000        0.000
    50:        0.000        0.000        0.000        0.000        0.000
    55:        0.000        0.000        0.000        0.000        0.000
    60:        0.000        0.000        0.000        0.000        0.000
    65:        0.000        0.000        0.000        0.000        0.000
    70:        0.000        0.000        0.000        0.000        0.000
    75:        0.000        0.000        0.000        0.000        0.000
    80:        0.000        0.000        0.000        0.000        0.000
    85:        0.000        0.000        0.000        0.000        0.000
    90:        0.000        0.000        0.000        0.000        0.000
    95:        0.000        0.000        0.000        0.000        0.000
   100:        0.000        0.000        0.000        0.000        0.000
   105:        0.000        0.000        0.000        0.000        0.000
   110:        0.000        0.000        0.000        0.000        0.000
   115:        0.000        0.000        0.000        0.000        0.000
   120:        0.000        0.000        0.000        0.000        0.000
   125:        0.000        0.000        0.000        0.000        0.000
   130:        0.000        0.000        0.000        0.000        0.000
   135:        0.000        0.000        0.000        0.000        0.000
   140:        0.000        0.000        0.000        0.000        0.000
   145:        0.000        0.000        0.000        0.000        0.000
   150:        0.000        0.000        0.000        0.000        0.000
   155:        0.000        0.000        0.000        0.000        0.000
   160:        0.000        0.000        0.000        0.000        0.000
   165:        0.000        0.000        0.000        0.000        0.000
   170:        0.000        0.000        0.000        0.000        0.000
   175:        0.000        0.000        0.000        0.000        0.000
   180:        0.000        0.000        0.000        0.000        0.000
   185:        0.000        0.000        0.000        0.000        0.000
   190:        0.000        0.000        0.000        0.000        0.000
   195:        0.000        0.000        0.000        0.000        0.000
   200:        0.000        0.000        0.000        0.000        0.000
   205:        0.000        0.000        0.000        0.000        0.000
   210:        0.000        0.000        0.000        0.000        0.000
   215:        0.000        0.000        0.000        0.000        0.000
   220:        0.000        0.000        0.000        0.000        0.000
   225:        0.000        0.000        0.000        0.000        0.000
   230:        0.000        0.000        0.000        0.000        0.000
   235:        0.000        0.000        0.000        0.000        0.000
   240:        0.000        0.000        0.000        0.000        0.000
   245:        0.000        0.000        0.000        0.000        0.000
   250:        0.000        0.000        0.000        0.000        0.000
   255:        0.000        0.000        0.000        0.000        0.000
   260:        0.000        0.000        0.000        0.000        0.000
   265:        0.000        0.000        0.000        0.000        0.000
   270:        0.000        0.000        0.000        0.000        0.000
   275:        0.000        0.000        0.000        0.000        0.000
   280:        0.000        0.000        0.000        0.000        0.000
   285:        0.000        0.000        0.000        0.000        0.000
   290:        0.000        0.000        0.000        0.000        0.000
   295:        0.000        0.000        0.000        0.000        0.000
   300:        0.000        0.000        0.000        0.000        0.000
   305:        0.000        0.000        0.000        0.000        0.000
   310:        0.000        0.000        0.000        0.000        0.000
   315:        0.000        0.000        0.000        0.000        0.000
   320:        0.000        0.000        0.000        0.000        0.000
   325:        0.000        0.000        0.000        0.000        0.000
   330:        0.000        0.000        0.000        0.000        0.000
   335:        0.000        0.000        0.000        0.000        0.000
   340:        0.000        0.000        0.000        0.000        0.000
   345:        0.000        0.000        0.000        0.000        0.000
   350:        0.000        0.000        0.000        0.000        0.000
   355:        0.000        0.000        0.000        0.000        0.000
   360:        0.000        0.000        0.000        0.000        0.000
   365:        0.000        0.000        0.000        0.000        0.000
   370:        0.000        0.000        0.000        0.000        0.000
   375:        0.000        0.000        0.000        0.000        0.000
   380:        0.000        0.000        0.000        0.000        0.000
   385:        0.000        0.000        0.000        0.000        0.000
   390:        0.000        0.000        0.000        0.000        0.000
   395:        0.000        0.000        0.000        0.000        0.000
   400:        0.000        0.000        0.000        0.000        0.000
   405:        0.000        0.000        0.000        0.000        0.000
   410:        0.000        0.000        0.000        0.000        0.000
   415:        0.000        0.000        0.000        0.000        0.000
   420:        0.000        0.000        0.000        0.000        0.000
   425:        0.000        0.000        0.000        0.000        0.000
   430:        0.000        0.000        0.000        0.000        0.000
   435:        0.000        0.000        0.000        0.000        0.000
   440:        0.000        0.000        0.000        0.000        0.000
   445:        0.000        0.000        0.000        0.000        0.000
   450:        0.000        0.000        0.000        0.000        0.000
   455:        0.000        0.000        0.000        0.000        0.000
   460:        0.000        0.000        0.000        0.000        0.000
   465:        0.000        0.000        0.000        0.000        0.000
   470:        0.000        0.000        0.000        0.000        0.000
   475:        0.000        0.000        0.000        0.000        0.000
   480:        0.000        0.000        0.000        0.000        0.000
   485:        0.000        0.000        0.000        0.000        0.000
   490:        0.000        0.000        0.000        0.000        0.000
   495:        0.000        0.000        0.000        0.000        0.000
   500:        0.000        0.000        0.000        0.000        0.000
   505:        0.000        0.000        0.000        0.000        0.000
   510:        0.000        0.000        0.000        0.000        0.000
   515:        0.000        0.000        0.000        0.000        0.000
   520:        0.000        0.000        0.000        0.000        0.000
   525:        0.000        0.000        0.000        0.000        0.000
   530:        0.000        0.000        0.000        0.000        0.000
   535:        0.000        0.000        0.000        0.000        0.000
   540:        0.000        0.000        0.000        0.000        0.000
   545:        0.000        0.000        0.000        0.000        0.000
   550:        0.000        0.000        0.000        0.000        0.000
   555:        0.000        0.000        0.000        0.000        0.000
   560:        0.000        0.000        0.000        0.000        0.000
   565:        0.000        0.000        0.000        0.000        0.000
   570:        0.000        0.000        0.000        0.000        0.000
   575:        0.000        0.000        0.000        0.000        0.000
   580:        0.000        0.000        0.000        0.000        0.000
   585:        0.000        0.000        0.000        0.000        0.000
   590:        0.000        0.000        0.000        0.000        0.000
   595:        0.000        0.000        0.000        0.000        0.000
   600:        0.000        0.000        0.000        0.000        0.000
   605:        0.000        0.000        0.000        0.000        0.000
   610:        0.000        0.000        0.000        0.000        0.000
   615:        0.000        0.000        0.000        0.000        0.000
   620:        0.000        0.000        0.000        0.000        0.000
   625:        0.000        0.000        0.000        0.000        0.000
   630:        0.000        0.000        0.000        0.000        0.000
   635:        0.000        0.000        0.000        0.000        0.000
   640:        0.000        0.000        0.000        0.000        0.000
   645:        0.000        0.000        0.000        0.000        0.000
   650:        0.000        0.000        0.000        0.000        0.000
   655:        0.000        0.000        0.000        0.000        0.000
   660:        0.000        0.000        0.000        0.000        0.000
   665:        0.000        0.000        0.000        0.000        0.000
   670:        0.000        0.000        0.000        0.000        0.000
   675:        0.000        0.000        0.000        0.000        0.000
   680:        0.000        0.000        0.000        0.000        0.000
   685:        0.000        0.000        0.000        0.000        0.000
   690:        0.000        0.000        0.000        0.000        0.000
   695:        0.000        0.000        0.000        0.000        0.000
   700:        0.000        0.000        0.000        0.000        0.000
   705:        0.000        0.000        0.000        0.000        0.000
   710:        0.000        0.000        0.000        0.000        0.000
   715:        0.000        0.000        0.000        0.000        0.000
   720:        0.000        0.000        0.000        0.000        0.000
   725:        0.000        0.000        0.000        0.000        0.000
   730:        0.000        0.000        0.000        0.000        0.000
   735:        0.000        0.000        0.000        0.000        0.000
   740:        0.000        0.000        0.000        0.000        0.000
   745:        0.000        0.000        0.000        0.000        0.000
   750:        0.000        0.000        0.000        0.000        0.000
   755:        0.000        0.000        0.000        0.000        0.000
   760:        0.000        0.000        0.000        0.000        0.000
   765:        0.000        0.000        0.000        0.000        0.000
   770:        0.000        0.000        0.000        0.000        0.000
   775:        0.000        0.000        0.000        0.000        0.000
   780:        0.000        0.000        0.000        0.000        0.000
   785:        0.000        0.000        0.000        0.000        0.000
   790:        0.000        0.000        0.000        0.000        0.000
   795:        0.000        0.000        0.000        0.000        0.000
   800:        0.000        0.000        0.000        0.000        0.000
   805:        0.000        0.000        0.000        0.000        0.000
   810:        0.000        0.000        0.000        0.000        0.000
   815:        0.000        0.000        0.000        0.000        0.000
   820:        0.000        0.000        0.000        0.000        0.000
   825:        0.000        0.000        0.000        0.000        0.000
   830:        0.000        0.000        0.000        0.000        0.000
   835:        0.000        0.000        0.000        0.000        0.000
   840:        0.000        0.000        0.000        0.000        0.000
   845:        0.000        0.000        0.000        0.000        0.000
   850:        0.000        0.000        0.000        0.000        0.000
   855:        0.000        0.000        0.000        0.000        0.000
   860:        0.000        0.000        0.000        0.000        0.000
   865:        0.000        0.000        0.000        0.000        0.000
   870:        0.000        0.000        0.000        0.000        0.000
   875:        0.000        0.000        0.000        0.000        0.000
   880:        0.000        0.000        0.000        0.000        0.000
   885:        0.000        0.000        0.000        0.000        0.000
   890:        0.000        0.000        0.000        0.000        0.000
   895:        0.000        0.000        0.000        0.000        0.000
   900:        0.000        0.000        0.000        0.000        0.000
   905:        0.000        0.000        0.000        0.000        0.000
   910:        0.000        0.000        0.000        0.000        0.000
   915:        0.000        0.000        0.000        0.000        0.000
   920:        0.000        0.000        0.000        0.000        0.000
   925:        0.000        0.000        0.000        0.000        0.000
   930:        0.000        0.000        0.000        0.000        0.000
   935:        0.000        0.000        0.000        0.000        0.000
   940:        0.000        0.000        0.000        0.000        0.000
   945:        0.000        0.000        0.000        0.000        0.000
   950:        0.000        0.000        0.000        0.000        0.000
   955:        0.000        0.000        0.000        0.000        0.000
   960:        0.000        0.000        0.000        0.000        0.000
   965:        0.000        0.000        0.000        0.000        0.000
   970:        0.000        0.000        0.000        0.000        0.000
   975:        0.000        0.000        0.000        0.000        0.000
   980:        0.000        0.000        0.000        0.000        0.000
   985:        0.000        0.000        0.000        0.000        0.000
   990:        0.000        0.000        0.000        0.000        0.000
   995:        0.000        0.000        0.000        0.000        0.000
  1000:        0.000        0.000        0.000        0.000        0.000
  1005:        0.000        0.000        0.000        0.000        0.000
  1010:        0.000        0.000        0.000        0.000        0.000
  1015:        0.000        0.000        0.000        0.000        0.000
  1020:        0.000        0.000        0.000        0.000        0.000
  1025:        0.000        0.000        0.000        0.000        0.000
  1030:        0.000        0.000        0.000        0.000        0.000
  1035:        0.000        0.000        0.000        0.000        0.000
  1040:        0.000        0.000        0.000        0.000        0.000
  1045:        0.000        0.000        0.000        0.000        0.000
  1050:        0.000        0.000        0.000        0.000        0.000
  1055:        0.000        0.000        0.000        0.000        0.000
  1060:        0.000        0.000        0.000        0.000        0.000
  1065:        0.000        0.000        0.000        0.000        0.000
  1070:        0.000        0.000        0.000        0.000        0.000
  1075:        0.000        0.000        0.000        0.000        0.000
  1080:        0.000        0.000        0.000        0.000        0.000
  1085:        0.000        0.000        0.000        0.000        0.000
  1090:        0.000        0.000        0.000        0.000        0.000
  1095:        0.000        0.000        0.000        0.000        0.000
  1100:        0.000        0.000        0.000        0.000        0.000
  1105:        0.000        0.000        0.000        0.000        0.000
  1110:        0.000        0.000        0.000        0.000        0.000
  1115:        0.000        0.000        0.000        0.000        0.000
  1120:        0.000        0.000        0.000        0.000        0.000
  1125:        0.000        0.000        0.000        0.000        0.000
  1130:        0.000        0.000        0.000        0.000        0.000
  1135:        0.000        0.000        0.000        0.000        0.000
  1140:        0.000        0.000        0.000        0.000        0.000
  1145:        0.000        0.000        0.000        0.000        0.000
  1150:        0.000        0.000        0.000        0.000        0.000
  1155:        0.000        0.000        0.000        0.000        0.000
  1160:        0.000        0.000        0.000        0.000        0.000
  1165:        0.000        0.000        0.000        0.000        0.000
  1170:        0.000        0.000        0.000        0.000        0.000
  1175:        0.000        0.000        0.000        0.000        0.000
  1180:        0.000        0.000        0.000        0.000        0.000
  1185:        0.000        0.000        0.000        0.000        0.000
  1190:        0.000        0.000        0.000        0.000        0.000
  1195:        0.000        0.000        0.000        0.000        0.000
  1200:        0.000        0.000        0.000        0.000        0.000
  1205:        0.000        0.000        0.000        0.000        0.000
  1210:        0.000        0.000        0.000        0.000        0.000
  1215:        0.000        0.000        0.000        0.000        0.000
  1220:        0.000        0.000        0.000        0.000        0.000
  1225:        0.000        0.000        0.000        0.000        0.000
  1230:        0.000        0.000        0.000        0.000        0.000
  1235:        0.000        0.000        0.000        0.000        0.000
  1240:        0.000        0.000        0.000        0.000        0.000
  1245:        0.000        0.000        0.000        0.000        0.000
  1250:        0.000        0.000        0.000        0.000        0.000
  1255:        0.000        0.000        0.000        0.000        0.000
  1260:        0.000        0.000        0.000        0.000        0.000
  1265:        0.000        0.000        0.000        0.000        0.000
  1270:        0.000        0.000        0.000        0.000        0.000
  1275:        0.000        0.000        0.000        0.000        0.000
  1280:        0.000        0.000        0.000        0.000        0.000
  1285:        0.000        0.000        0.000        0.000        0.000
  1290:        0.000        0.000        0.000        0.000        0.000
  1295:        0.000        0.000        0.000        0.000        0.000
  1300:        0.000        0.000        0.000        0.000        0.000
  1305:        0.000        0.000        0.000        0.000        0.000
  1310:        0.000        0.000        0.000        0.000        0.000
  1315:        0.000        0.000        0.000        0.000        0.000
  1320:        0.000        0.000        0.000        0.000        0.000
  1325:        0.000        0.000        0.000        0.000        0.000
  1330:        0.000        0.000        0.000        0.000        0.000
  1335:        0.000        0.000        0.000        0.000        0.000
  1340:        0.000        0.000        0.000        0.000        0.000
  1345:        0.000        0.000        0.000        0.000        0.000
  1350:        0.000        0.000        0.000        0.000        0.000
  1355:        0.000        0.000        0.000        0.000        0.000
  1360:        0.000        0.000        0.000        0.000        0.000
  1365:        0.000        0.000        0.000        0.000        0.000
  1370:        0.000        0.000        0.000        0.000        0.000
  1375:        0.000        0.000        0.000        0.000        0.000
  1380:        0.000        0.000        0.000        0.000        0.000
  1385:        0.000        0.000        0.000        0.000        0.000
  1390:        0.000        0.000        0.000        0.000        0.000
  1395:        0.000        0.000        0.000        0.000        0.000
  1400:        0.000        0.000        0.000        0.000        0.000
  1405:        0.000        0.000        0.000        0.000        0.000
  1410:        0.000        0.000        0.000        0.000        0.000
  1415:        0.000        0.000        0.000        0.000        0.000
  1420:        0.000        0.000        0.000        0.000        0.000
  1425:        0.000        0.000        0.000        0.000        0.000
  1430:        0.000        0.000        0.000        0.000        0.000
  1435:        0.000        0.000        0.000        0.000        0.000
  1440:        0.000        0.000        0.000        0.000        0.000
  1445:        0.000        0.000        0.000        0.000        0.000
  1450:        0.000        0.000        0.000        0.000        0.000
  1455:        0.000        0.000        0.000        0.000        0.000
  1460:        0.000        0.000        0.000        0.000        0.000
  1465:        0.000        0.000        0.000        0.000        0.000
  1470:        0.000        0.000        0.000        0.000        0.000
  1475:        0.000        0.000        0.000        0.000        0.000
  1480:        0.000        0.000        0.000        0.000        0.000
  1485:        0.000        0.000        0.000        0.000        0.000
  1490:        0.000        0.000        0.000        0.000        0.000
  1495:        0.000        0.000        0.000        0.000        0.000
  1500:        0.000        0.000        0.000        0.000        0.000
  1505:        0.000        0.000        0.000        0.000        0.000
  1510:        0.000        0.000        0.000        0.000        0.000
  1515:        0.000        0.000        0.000        0.000        0.000
  1520:        0.000        0.000        0.000        0.000        0.000
  1525:        0.000        0.000        0.000        0.000        0.000
  1530:        0.000        0.000        0.000        0.000        0.000
  1535:        0.000        0.000        0.000        0.000        0.000
  1540:        0.000        0.000        0.000        0.000        0.000
  1545:        0.000        0.000        0.000        0.000        0.000
  1550:        0.000        0.000        0.000        0.000        0.000
  1555:        0.000        0.000        0.000        0.000        0.000
  1560:        0.000        0.000        0.000        0.000        0.000
  1565:        0.000        0.000        0.000        0.000        0.000
  1570:        0.000        0.000        0.000        0.000        0.000
  1575:        0.000        0.000        0.000        0.000        0.000
  1580:        0.000        0.000        0.000        0.000        0.000
  1585:        0.000        0.000        0.000        0.000        0.000
  1590:        0.000        0.000        0.000        0.000        0.000
  1595:        0.000        0.000        0.000        0.000        0.000
  1600:        0.000        0.000        0.000        0.000        0.000
  1605:        0.000        0.000        0.000        0.000        0.000
  1610:        0.000        0.000        0.000        0.000        0.000
  1615:        0.000        0.000        0.000        0.000        0.000
  1620:        0.000        0.000        0.000        0.000        0.000
  1625:        0.000        0.000        0.000        0.000        0.000
  1630:        0.000        0.000        0.000        0.000        0.000
  1635:        0.000        0.000        0.000        0.000        0.000
  1640:        0.000        0.000        0.000        0.000        0.000
  1645:        0.000        0.000        0.000        0.000        0.000
  1650:        0.000        0.000        0.000        0.000        0.000
  1655:        0.000        0.000        0.000        0.000        0.000
  1660:        0.000        0.000        0.000        0.000        0.000
  1665:        0.000        0.000        0.000        0.000        0.000
  1670:        0.000        0.000        0.000        0.000        0.000
  1675:        0.000        0.000        0.000        0.000        0.000
  1680:        0.000        0.000        0.000        0.000        0.000
  1685:        0.000        0.000        0.000        0.000        0.000
  1690:        0.000        0.000        0.000        0.000        0.000
  1695:        0.000        0.000        0.000        0.000        0.000
  1700:        0.000        0.000        0.000        0.000        0.000
  1705:        0.000        0.000        0.000        0.000        0.000
  1710:        0.000        0.000        0.000        0.000        0.000
  1715:        0.000        0.000        0.000        0.000        0.000
  1720:        0.000        0.000        0.000        0.000        0.000
  1725:        0.000        0.000        0.000        0.000        0.000
  1730:        0.000        0.000        0.000        0.000        0.000
  1735:        0.000        0.000        0.000        0.000        0.000
  1740:        0.000        0.000        0.000        0.000        0.000
  1745:        0.000        0.000        0.000        0.000        0.000
  1750:        0.000        0.000        0.000        0.000        0.000
  1755:        0.000        0.000        0.000        0.000        0.000
  1760:        0.000        0.000        0.000        0.000        0.000
  1765:        0.000        0.000        0.000        0.000        0.000
  1770:        0.000        0.000        0.000        0.000        0.000
  1775:        0.000        0.000        0.000        0.000        0.000
  1780:        0.000        0.000        0.000        0.000        0.000
  1785:        0.000        0.000        0.000        0.000        0.000
  1790:        0.000        0.000        0.000        0.000        0.000
  1795:        0.000        0.000        0.000        0.000        0.000
  1800:        0.000        0.000        0.000        0.000        0.000
  1805:        0.000        0.000        0.000        0.000        0.000
  1810:        0.000        0.000        0.000        0.000        0.000
  1815:        0.000        0.000        0.000        0.000        0.000
  1820:        0.000        0.000        0.000        0.000        0.000
  1825:        0.000        0.000        0.000        0.000        0.000
  1830:        0.000        0.000        0.000        0.000        0.000
  1835:        0.000        0.000        0.000        0.000        0.000
  1840:        0.000        0.000        0.000        0.000        0.000
  1845:        0.000        0.000        0.000        0.000        0.000
  1850:        0.000        0.000        0.000        0.000        0.000
  1855:        0.000        0.000        0.000        0.000        0.000
  1860:        0.000        0.000        0.000        0.000        0.000
  1865:        0.000        0.000        0.000        0.000        0.000
  1870:        0.000        0.000        0.000        0.000        0.000
  1875:        0.000        0.000        0.000        0.000        0.000
  1880:        0.000        0.000        0.000        0.000        0.000
  1885:        0.000        0.000        0.000        0.000        0.000
  1890:        0.000        0.000        0.000        0.000        0.000
  1895:        0.000        0.000        0.000        0.000        0.000
  1900:        0.000        0.000        0.000        0.000        0.000
  1905:        0.000        0.000        0.000        0.000        0.000
  1910:        0.000        0.000        0.000        0.000        0.000
  1915:        0.000        0.000        0.000        0.000        0.000
  1920:        0.000        0.000        0.000        0.000        0.000
  1925:        0.000        0.000        0.000        0.000        0.000
  1930:        0.000        0.000        0.000        0.000        0.000
  1935:        0.000        0.000        0.000        0.000        0.000
  1940:        0.000        0.000        0.000        0.000        0.000
  1945:        0.000        0.000        0.000        0.000        0.000
  1950:        0.000        0.000        0.000        0.000        0.000
  1955:        0.000        0.000        0.000        0.000        0.000
  1960:        0.000        0.000        0.000        0.000        0.000
  1965:        0.000        0.000        0.000        0.000        0.000
  1970:        0.000        0.000        0.000        0.000        0.000
  1975:        0.000        0.000        0.000        0.000        0.000
  1980:        0.000        0.000        0.000        0.000        0.000
  1985:        0.000        0.000        0.000        0.000        0.000
  1990:        0.000        0.000        0.000        0.000        0.000
  1995:        0.000        0.000        0.000        0.000        0.000
  2000:        0.000
V:
     0:        1.950       62.200       73.080       90.680       97.470
     5:      107.540      122.870      136.470      158.770      165.970
    10:      180.070      187.390      202.910      211.140      225.120
    15:      239.400      246.170      253.610      260.800      275.040
    20:      283.600      290.650      296.980      308.790      337.100
    25:      366.400      381.650      417.940      425.440      451.790
    30:      480.630      505.650      531.550      537.880      574.300
    35:      627.490      634.540      702.610      728.340      750.730
    40:      758.140      780.590      818.170      859.170      874.510
    45:      888.950      895.770      904.860      966.780      982.540
    50:     1021.790     1046.840     1129.130     1136.630     1171.310
    55:     1216.040     1275.330     1298.870     1314.330     1378.420
