File: C:\MED-PC\Data\2025-02-10_13h42m_Subject 3.1.txt


Start Date: 02/10/25
End Date: 02/10/25
Subject: 3.1
Experiment: 5HT
Group: 
Box: 3
Start Time: 13:42:42
End Time: 14:03:26
MSN: 25_IC_FR1_BothActive_Retract_Omit_60min_140reward
D:     140.000
F:      88.000
G:      52.000
H:       0.000
J:       0.000
K:      88.000
L:     139.000
M:       0.000
N:  123815.000
O:       0.000
R:       0.000
T:       0.000
U:       1.000
W:       1.000
X:      52.000
Y:       0.000
Z:       0.000
A:
     0:        0.000      149.000        2.000        0.000      600.000
     5:      400.000
B:
     0:        0.000        8.000        1.000
C:
     0:        6.000
E:
     0:        1.540        8.080       14.910       21.340       29.560
     5:       36.850       44.200       52.750       59.340       66.170
    10:       74.020       80.810       89.820       96.550      109.930
    15:      117.430      128.190      134.760      141.470      148.340
    20:      157.540      161.660      169.160      176.410      190.240
    25:      197.400      208.050      216.170      227.860      231.500
    30:      238.700      245.240      251.980      258.520      265.880
    35:      276.300      284.590      291.300      298.670      305.380
    40:      311.910      319.010      325.500      332.390      339.090
    45:      345.560      352.510      359.200      367.060      377.230
    50:      386.130      392.660      400.380      406.840      413.360
    55:      420.050      426.700      433.600      440.380      448.640
    60:      455.630      462.030      469.350      476.150      482.670
    65:      489.660      496.210      507.050      517.670      524.300
    70:      531.460      538.380      546.290      553.040      559.900
    75:      566.650      573.430      581.430      589.260      597.040
    80:      603.570      610.850      617.650      624.160      630.860
    85:      638.850      645.560      652.520      660.250      666.610
    90:      674.760      681.360      689.420      697.630      704.890
    95:      711.410      718.510      725.200      731.830      738.930
   100:      746.600      753.500      780.490      788.930      802.110
   105:      807.110      832.990      839.550      846.030      854.300
   110:      857.830      865.790      872.690      880.000      888.030
   115:      895.520      906.950      913.570      921.240      928.090
   120:      934.830      943.920      954.180      961.370      974.600
   125:      990.340     1000.320     1010.690     1082.720     1096.240
   130:     1105.200     1112.560     1120.360     1133.020     1139.930
   135:     1146.460     1189.010     1208.620     1236.260
I:
     0:        0.000        6.970       13.540       20.240       26.840
     5:       34.910       42.320       49.770       58.250       64.840
    10:       71.680       79.470       86.260       95.270      102.060
    15:      115.410      122.870      133.570      140.250      146.850
    20:      153.890      160.420      167.100      174.570      179.890
    25:      195.790      203.040      213.540      221.740      229.340
    30:      236.990      244.210      250.680      257.490      264.010
    35:      271.380      281.770      290.100      296.700      304.200
    40:      310.830      317.360      324.340      330.950      337.720
    45:      344.630      351.130      357.950      364.580      372.530
    50:      382.710      391.590      398.250      405.820      412.400
    55:      419.000      425.560      432.220      439.070      445.910
    60:      454.080      461.030      467.520      474.830      481.660
    65:      488.230      495.030      501.610      512.450      523.160
    70:      529.760      536.910      543.900      551.730      558.480
    75:      565.320      572.230      578.920      586.850      594.620
    80:      602.510      609.020      616.220      623.050      629.680
    85:      636.350      644.220      651.010      657.950      665.640
    90:      672.150      680.260      686.830      694.950      702.990
    95:      710.310      716.930      723.990      730.580      737.340
   100:      744.430      751.950      758.970      775.090      785.840
   105:      794.290      805.570      812.680      826.690      838.560
   110:      845.010      851.500      855.900      863.180      871.160
   115:      877.990      885.440      893.430      901.050      912.310
   120:      918.980      926.720      933.490      940.280      949.310
   125:      959.590      966.830      979.900      995.900     1005.650
   130:     1016.200     1032.320     1048.440     1064.560     1080.680
   135:     1088.050     1101.670     1110.620     1117.800     1125.880
   140:     1138.440     1145.250     1151.980     1168.100     1184.220
   145:     1193.120     1204.540     1213.940     1230.060
P:
     0:      769.080     1026.310     1042.430     1058.550     1074.670
     5:     1162.090     1178.210     1224.050
Q:
     0:       43.760       96.050      189.770      197.020      207.520
     5:      215.720      227.320      230.980      275.760      284.090
    10:      345.120      358.570      392.240      399.810      412.990
    15:      482.220      506.440      566.220      572.910      580.840
    20:      588.610      596.500      603.010      638.210      651.940
    25:      659.630      666.140      688.940      696.980      704.300
    30:      806.660      832.540      838.990      845.480      853.880
    35:      857.170      865.150      871.980      879.430      887.420
    40:      895.040      927.480      934.270      960.820      989.890
    45:     1010.190     1095.660     1104.610     1119.870     1132.430
    50:     1145.970     1207.930
S:
     0:      822.690
V:
     0:        0.960        7.530       14.230       20.830       28.900
     5:       36.310       52.240       58.830       65.670       73.460
    10:       80.250       89.260      109.400      116.860      127.560
    15:      134.240      140.840      147.880      154.410      161.090
    20:      168.560      175.880      238.200      244.670      251.480
    25:      258.000      265.370      290.690      298.190      304.820
    30:      311.350      318.330      324.940      331.710      338.620
    35:      351.940      366.520      376.700      385.580      406.390
    40:      419.550      426.210      433.060      439.900      448.070
    45:      455.020      461.510      468.820      475.650      489.020
    50:      495.600      517.150      523.750      530.900      537.890
    55:      545.720      552.470      559.310      610.210      617.040
    60:      623.670      630.340      645.000      674.250      680.820
    65:      710.920      717.980      724.570      731.330      738.420
    70:      745.940      752.960      779.830      788.280      801.560
    75:      906.300      912.970      920.710      943.300      953.580
    80:      973.890      999.640     1082.040     1111.790     1139.240
    85:     1187.110     1198.530     1235.130
