File: C:\MED-PC\Data\2025-02-03_12h41m_Subject 5.2.txt


Start Date: 02/03/25
End Date: 02/03/25
Subject: 5.2
Experiment: 5HT
Group: 
Box: 12
Start Time: 12:41:58
End Time: 12:52:22
MSN: 25_IC_FR1_BothActive_Retract_Omit_60min_80reward
D:      80.000
F:      38.000
G:      42.000
H:       3.000
J:       0.000
K:      38.000
L:      80.000
M:       0.000
N:   61701.000
O:       0.000
R:       0.000
T:       0.000
U:       0.000
W:       1.000
X:      42.000
Y:       0.000
Z:       0.000
A:
     0:        0.000       85.000        0.000        1.000      400.000
     5:      200.000
B:
     0:        0.000        2.000        3.000
C:
     0:        4.000        5.000        6.000
E:
     0:        8.310       12.040       19.100       23.790       48.460
     5:       70.140       83.700       88.920      100.710      109.480
    10:      117.470      121.630      127.500      132.210      136.670
    15:      141.380      145.720      190.980      198.450      206.770
    20:      215.350      223.250      228.590      235.510      241.760
    25:      248.240      254.780      261.240      268.560      278.830
    30:      282.870      290.120      294.400      301.540      308.040
    35:      312.580      317.010      323.650      332.180      338.030
    40:      345.100      351.030      358.710      365.360      375.600
    45:      382.140      386.910      391.230      398.030      403.170
    50:      408.010      412.920      419.990      424.850      431.320
    55:      437.600      444.490      451.850      461.720      469.500
    60:      474.590      487.770      494.230      498.540      505.160
    65:      519.510      528.180      533.430      544.930      550.890
    70:      555.440      562.840      569.640      576.730      584.660
    75:      589.040      595.160      603.800      609.030      614.570
I:
     0:        0.000        9.550       15.350       21.060       26.200
     5:       41.320       51.000       66.120       73.110       87.200
    10:       94.000      105.730      113.330      120.210      125.720
    15:      130.250      134.950      139.660      144.160      147.740
    20:      160.750      173.760      186.770      193.850      202.180
    25:      210.560      219.490      224.750      232.450      240.140
    30:      245.870      253.150      259.840      266.580      273.630
    35:      280.540      286.890      292.860      298.540      305.760
    40:      310.980      315.580      322.160      328.700      335.220
    45:      342.810      348.160      355.160      362.670      368.580
    50:      380.730      385.300      389.780      395.390      401.030
    55:      406.050      411.350      418.410      423.060      430.170
    60:      435.710      442.960      449.450      456.870      466.480
    65:      473.090      479.860      491.740      497.130      502.690
    70:      510.210      524.140      531.390      538.300      549.260
    75:      554.000      560.710      567.910      574.450      581.580
    80:      587.750      593.250      598.330      607.860      613.420
P:
     0:       36.310       61.110
Q:
     0:        3.540       10.340       16.050       22.190       46.990
     5:       69.100       87.990       99.720      108.320      116.200
    10:      120.710      126.240      130.940      135.650      140.150
    15:      144.730      227.440      234.130      240.860      247.140
    20:      253.830      260.570      293.530      306.970      311.570
    25:      316.150      336.800      350.150      357.660      385.770
    30:      402.040      407.340      412.400      419.050      436.950
    35:      460.470      468.080      473.850      549.990      602.850
    40:      608.410      613.990
S:
     0:      157.750      170.760      183.770
V:
     0:       82.190      188.830      197.160      205.540      214.470
     5:      222.730      267.620      274.530      281.880      288.850
    10:      300.750      322.690      331.210      344.150      364.570
    15:      374.720      381.290      390.380      397.020      424.160
    20:      430.700      443.440      450.860      486.730      493.120
    25:      497.680      504.200      518.130      527.380      532.290
    30:      544.250      554.700      561.900      568.440      575.570
    35:      583.740      588.240      594.320
