File: C:\MED-PC\Data\2025-02-04_13h33m_Subject 5.4.txt


Start Date: 02/04/25
End Date: 02/04/25
Subject: 5.4
Experiment: 5HT
Group: 
Box: 8
Start Time: 13:33:25
End Time: 13:45:43
MSN: 25_IC_FR1_BothActive_Retract_Omit_60min_80reward
D:      80.000
F:      46.000
G:      34.000
H:       0.000
J:       1.000
K:      46.000
L:      77.000
M:       0.000
N:   72987.000
O:       0.000
R:       0.000
T:       0.000
U:       0.000
W:       0.000
X:      34.000
Y:       0.000
Z:       0.000
A:
     0:        0.000       92.000        3.000        1.000      600.000
     5:      400.000
B:
     0:        0.000        7.000        5.000
C:
     0:        4.000        5.000        6.000
E:
     0:        2.230       16.070       27.530       39.250       48.100
     5:       54.850       62.420       68.880       78.340       83.370
    10:       89.160       94.850      102.870      108.500      116.410
    15:      122.820      128.840      150.500      156.270      162.420
    20:      168.020      173.980      180.870      184.040      188.180
    25:      195.020      200.440      207.570      214.820      221.060
    30:      227.210      232.530      257.970      264.920      272.030
    35:      278.880      285.820      294.740      301.870      309.790
    40:      315.420      327.910      332.800      338.460      346.790
    45:      351.620      363.620      368.080      373.000      407.640
    50:      412.050      416.160      422.390      429.390      434.350
    55:      439.120      446.390      453.400      474.990      480.460
    60:      484.950      491.810      499.250      507.290      516.810
    65:      541.930      642.750      649.390      657.330      662.890
    70:      670.420      676.760      689.200      696.750      704.000
    75:      708.750      728.250
I:
     0:        0.000        5.240       19.270       32.720       41.450
     5:       53.200       60.120       67.540       72.870       81.440
    10:       86.550       92.330       98.330      107.030      113.840
    15:      120.480      126.840      130.930      143.940      154.410
    20:      160.240      166.330      172.090      175.010      181.800
    25:      186.130      193.220      198.190      205.540      212.750
    30:      218.940      225.200      230.400      235.540      249.550
    35:      263.120      270.100      277.210      284.150      286.890
    40:      293.250      299.920      306.990      314.010      320.700
    45:      329.610      335.500      343.620      349.930      352.850
    50:      366.640      371.300      376.120      388.130      400.140
    55:      410.500      413.280      421.150      427.490      432.580
    60:      437.530      444.340      450.540      456.360      471.480
    65:      479.190      483.520      490.140      496.950      502.410
    70:      510.400      518.860      531.600      536.930      545.320
    75:      559.440      574.560      589.680      603.800      619.920
    80:      636.040      646.000      654.590      660.530      667.870
    85:      673.620      681.540      693.290      701.170      707.140
    90:      711.950      725.960
P:
     0:      466.470      555.430      569.550      584.670      599.790
     5:      613.910      630.030
Q:
     0:       37.440       47.190       61.530      149.390      155.220
     5:      161.310      167.070      172.990      177.790      182.120
    10:      187.210      194.180      199.530      206.740      213.930
    15:      220.190      226.390      231.530      362.620      367.280
    20:      372.100      406.480      411.260      415.140      421.480
    25:      428.570      433.520      438.330      445.530      451.350
    30:      498.400      532.920      540.310      726.850
S:
     0:      140.940      245.550      386.130      398.140      721.960
V:
     0:        1.230       15.260       26.710       54.110       67.860
     5:       77.430       82.540       88.320       93.320      102.020
    10:      107.830      115.470      121.830      127.920      257.100
    15:      264.080      271.190      278.130      284.870      289.240
    20:      293.910      300.980      309.000      314.690      323.600
    25:      331.490      337.610      345.920      350.840      474.180
    30:      479.510      484.130      490.940      506.390      514.850
    35:      525.590      641.990      648.580      656.520      661.860
    40:      669.610      675.530      688.280      695.160      703.130
    45:      707.940
