File: C:\MED-PC\Data\2025-02-07_13h35m_Subject 6.1.txt


Start Date: 02/07/25
End Date: 02/07/25
Subject: 6.1
Experiment: 5HT
Group: 
Box: 9
Start Time: 13:35:16
End Time: 14:20:28
MSN: 25_IC_FR1_BothActive_Retract_Omit_60min_140reward
D:     140.000
F:      85.000
G:      55.000
H:       1.000
J:       0.000
K:      85.000
L:     135.000
M:       0.000
N:  247396.000
O:       0.000
R:       0.000
T:       0.000
U:       0.000
W:       1.000
X:      55.000
Y:       0.000
Z:       0.000
A:
     0:        0.000      208.000        1.000        0.000      600.000
     5:      400.000
B:
     0:        0.000       58.000       10.000
C:
     0:        6.000
E:
     0:        9.430       15.360       28.710       35.150       43.260
     5:       51.930       59.350       66.380       73.780       82.320
    10:       89.390       97.050      103.010      111.430      124.920
    15:      135.600      150.200      157.200      163.770      170.530
    20:      177.620      186.700      198.030      213.060      224.220
    25:      232.550      244.040      250.600      257.470      268.380
    30:      276.110      286.270      293.160      305.280      315.560
    35:      322.910      335.190      342.080      349.040      359.960
    40:      369.820      385.030      397.050      410.490      422.240
    45:      428.870      436.210      443.480      457.180      463.890
    50:      475.550      485.300      493.000      499.040      507.300
    55:      517.450      542.290      555.860      562.740      572.400
    60:      598.780      602.560      625.360      635.890      649.630
    65:      674.630      682.530      708.270      722.060      769.900
    70:      784.950      815.480      845.180      852.220      876.230
    75:      905.570      937.430      945.490      952.950      983.870
    80:     1024.900     1031.690     1039.280     1065.380     1075.190
    85:     1099.090     1124.910     1158.730     1207.430     1246.970
    90:     1305.980     1364.680     1381.750     1398.200     1413.350
    95:     1421.130     1448.190     1472.570     1517.920     1547.550
   100:     1567.530     1576.830     1588.890     1619.540     1685.850
   105:     1700.950     1740.770     1757.720     1769.640     1799.240
   110:     1824.770     1876.810     1976.840     1982.190     1990.520
   115:     2004.930     2020.660     2028.490     2053.530     2080.890
   120:     2088.390     2145.170     2172.590     2182.270     2226.430
   125:     2245.180     2256.610     2267.870     2341.730     2355.220
   130:     2384.120     2420.100     2454.490     2460.590     2471.940
I:
     0:        0.000       12.420       20.520       33.980       40.530
     5:       48.730       57.390       64.790       71.880       79.310
    10:       87.380       94.840      101.950      108.480      116.900
    15:      130.310      141.080      155.210      162.430      169.090
    20:      175.920      183.100      192.030      203.460      218.490
    25:      229.580      238.140      249.000      256.140      262.950
    30:      273.890      281.660      291.660      298.700      310.630
    35:      320.840      328.220      340.530      347.640      354.420
    40:      365.500      375.290      390.380      402.470      416.030
    45:      427.690      434.330      441.640      448.920      462.680
    50:      469.270      475.620      490.690      497.640      504.390
    55:      512.590      522.420      538.540      547.680      560.590
    60:      568.060      577.760      584.530      600.650      608.090
    65:      624.210      630.840      641.250      655.050      671.170
    70:      680.090      687.620      703.740      713.670      727.480
    75:      743.600      759.720      775.360      790.380      806.500
    80:      820.920      837.040      850.640      857.560      873.680
    85:      881.650      897.770      911.120      927.240      942.820
    90:      950.900      958.370      974.490      988.580     1004.700
    95:     1020.820     1029.230     1035.980     1043.040     1059.160
   100:     1070.690     1080.420     1091.240     1107.360     1123.480
   105:     1130.350     1146.470     1156.210     1164.160     1180.280
   110:     1188.590     1204.710     1220.830     1236.950     1247.690
   115:     1263.810     1279.930     1296.050     1311.330     1327.450
   120:     1343.570     1359.690     1369.940     1384.550     1393.860
   125:     1402.940     1418.600     1426.260     1442.380     1453.600
   130:     1462.050     1478.170     1494.290     1509.780     1525.900
   135:     1542.020     1552.730     1562.870     1577.070     1587.150
   140:     1602.010     1618.130     1634.250     1650.370     1666.490
   145:     1682.610     1690.890     1706.410     1722.530     1738.650
   150:     1746.030     1753.160     1762.810     1772.430     1788.130
   155:     1804.180     1814.640     1830.760     1843.430     1859.550
   160:     1875.670     1891.790     1907.910     1924.030     1940.150
   165:     1956.270     1972.390     1980.940     1987.430     1995.740
   170:     2009.920     2017.920     2033.360     2044.640     2060.760
   175:     2076.880     2086.400     2093.890     2110.010     2126.130
   180:     2142.250     2150.260     2166.380     2177.990     2187.680
   185:     2203.800     2219.920     2231.730     2240.750     2249.780
   190:     2261.630     2268.590     2282.600     2296.610     2310.620
   195:     2324.630     2338.640     2347.180     2358.750     2372.760
   200:     2383.090     2397.100     2407.750     2421.760     2435.770
   205:     2449.780     2455.990     2465.810
P:
     0:      532.530      594.640      618.200      665.160      697.730
     5:      737.590      753.710      800.490      831.030      867.670
    10:      891.760      921.230      968.480      998.690     1014.810
    15:     1053.150     1101.350     1117.470     1140.460     1174.270
    20:     1198.700     1214.820     1230.940     1257.800     1273.920
    25:     1290.040     1321.440     1337.560     1353.680     1436.370
    30:     1472.160     1488.280     1519.890     1536.010     1612.120
    35:     1628.240     1644.360     1660.480     1676.600     1716.520
    40:     1732.640     1824.750     1853.540     1869.660     1885.780
    45:     1901.900     1918.020     1934.140     1950.260     1966.380
    50:     2054.750     2070.870     2104.000     2120.120     2136.240
    55:     2160.370     2197.790     2213.910
Q:
     0:        6.410       51.380       81.370      156.420      163.080
     5:      169.910      186.020      223.570      285.650      304.620
    10:      314.830      322.210      334.520      348.410      369.280
    15:      435.630      442.910      463.260      469.610      484.680
    20:      491.630      498.380      516.410      541.670      562.050
    25:      578.520      602.080      681.610      707.660      851.550
    30:      936.810      982.570     1029.970     1037.030     1064.680
    35:     1241.680     1305.320     1412.590     1420.250     1503.770
    40:     1556.860     1581.140     1684.880     1747.150     1782.120
    45:     1974.930     1981.420     2011.910     2038.630     2341.160
    50:     2352.730     2377.070     2401.730     2453.970     2470.940
S:
     0:     2278.600     2292.610     2306.620     2320.630     2334.640
     5:     2368.760     2393.100     2417.760     2431.770     2445.780
V:
     0:       14.510       27.970       34.520       42.720       58.780
     5:       65.870       73.300       88.830       95.940      102.470
    10:      110.890      124.300      135.070      149.200      177.090
    15:      197.450      212.480      232.130      242.990      250.130
    20:      256.940      267.880      275.650      292.690      341.630
    25:      359.490      384.370      396.460      410.020      421.680
    30:      428.320      456.670      506.580      554.580      571.750
    35:      624.830      635.240      649.040      674.080      721.470
    40:      769.350      784.370      814.910      844.630      875.640
    45:      905.110      944.890      952.360     1023.220     1074.410
    50:     1085.230     1124.340     1150.200     1158.150     1182.580
    55:     1363.930     1378.540     1387.850     1396.930     1447.590
    60:     1456.040     1546.720     1571.060     1596.000     1700.400
    65:     1740.020     1756.800     1766.420     1798.170     1808.630
    70:     1837.420     1989.730     2003.910     2027.350     2080.390
    75:     2087.880     2144.250     2171.980     2181.670     2225.720
    80:     2234.740     2243.770     2255.620     2264.580     2459.800
