File: C:\MED-PC\Data\2025-02-13_12h13m_Subject 4.2.txt


Start Date: 02/13/25
End Date: 02/13/25
Subject: 4.2
Experiment: 5HT
Group: 
Box: 8
Start Time: 12:13:51
End Time: 12:57:54
MSN: 25_IC_FR1_BothActive_Retract_Omit_60min_140reward
D:     140.000
F:      62.000
G:      78.000
H:       3.000
J:       0.000
K:      62.000
L:     116.000
M:       0.000
N:  237500.000
O:       0.000
R:       0.000
T:       0.000
U:       0.000
W:       1.000
X:      78.000
Y:       0.000
Z:       0.000
A:
     0:        0.000      207.000        0.000        1.000      600.000
     5:      400.000
B:
     0:        0.000       59.000        8.000
C:
     0:        6.000
E:
     0:       18.170       28.170       38.070       44.670       53.300
     5:       60.840       68.730       75.470       81.980       89.590
    10:      100.670      107.930      117.300      124.220      130.990
    15:      138.400      145.310      151.510      159.070      168.130
    20:      180.190      187.130      193.990      201.430      208.800
    25:      216.500      227.280      234.150      240.820      249.200
    30:      255.930      268.570      277.380      286.570      293.200
    35:      302.730      309.450      318.450      326.260      338.050
    40:      345.650      352.180      359.200      367.650      390.550
    45:      399.310      406.230      416.120      425.270      433.230
    50:      440.360      447.930      458.260      469.870      496.870
    55:      503.480      511.110      527.740      534.660      578.010
    60:      590.590      605.920      612.990      621.040      639.390
    65:      662.210      674.090      716.200      724.980      737.710
    70:      747.600      828.100      831.920      840.270      864.530
    75:      890.860      902.520      906.550      942.220     1003.830
    80:     1021.860     1032.370     1043.630     1053.410     1072.570
    85:     1123.860     1165.410     1181.650     1203.560     1224.290
    90:     1258.990     1293.060     1355.650     1406.180     1420.960
    95:     1466.230     1503.840     1687.380     1696.130     1726.430
   100:     1783.030     1800.800     1822.080     1938.290     1958.330
   105:     1969.020     1975.010     2003.380     2097.630     2146.620
   110:     2155.710     2166.300     2174.270     2200.750     2229.030
   115:     2358.600
I:
     0:        0.000       16.120       23.420       33.730       43.650
     5:       50.230       58.680       66.350       74.050       80.750
    10:       87.370       94.370      106.290      113.200      122.750
    15:      129.500      136.520      143.260      150.660      157.180
    20:      164.530      173.770      185.830      192.510      199.490
    25:      206.910      214.230      221.750      232.900      239.590
    30:      246.210      254.570      261.400      273.750      282.830
    35:      291.850      298.500      308.250      314.840      324.010
    40:      331.610      343.430      350.880      357.450      364.490
    45:      372.960      389.080      395.850      404.600      411.560
    50:      421.540      430.800      438.680      445.740      452.890
    55:      463.770      475.260      488.330      498.060      507.800
    60:      516.320      529.790      538.300      554.420      565.550
    65:      581.670      595.890      611.250      618.390      626.280
    70:      637.760      644.780      654.880      668.870      682.880
    75:      696.890      710.900      721.120      730.420      743.230
    80:      752.400      766.410      780.420      794.430      808.440
    85:      822.450      829.450      837.460      845.650      852.700
    90:      868.820      884.940      895.760      905.130      911.620
    95:      925.110      932.020      948.140      964.260      980.380
   100:      996.500     1003.780     1019.900     1027.160     1037.810
   105:     1048.530     1057.490     1071.120     1087.240     1103.360
   110:     1119.480     1129.200     1145.320     1161.440     1170.910
   115:     1186.930     1196.900     1208.450     1215.550     1223.610
   120:     1231.880     1238.670     1249.490     1263.030     1273.960
   125:     1290.080     1300.760     1309.320     1317.940     1334.060
   130:     1350.180     1366.300     1380.510     1396.630     1411.170
   135:     1425.410     1441.530     1457.650     1465.440     1481.560
   140:     1497.680     1506.890     1523.010     1539.130     1555.250
   145:     1571.370     1587.490     1603.610     1619.730     1635.850
   150:     1651.970     1668.090     1684.210     1692.720     1701.380
   155:     1707.840     1714.880     1727.360     1735.410     1744.540
   160:     1760.660     1776.780     1792.900     1802.940     1812.500
   165:     1828.620     1844.740     1860.860     1876.980     1888.950
   170:     1905.070     1921.190     1937.310     1947.280     1963.400
   175:     1972.960     1980.510     1989.410     1997.200     2007.970
   180:     2024.090     2031.510     2046.440     2062.560     2075.440
   185:     2091.560     2107.680     2118.930     2129.630     2136.620
   190:     2150.040     2160.300     2170.050     2179.410     2193.660
   195:     2207.850     2223.970     2234.270     2250.390     2266.510
   200:     2282.630     2298.750     2314.870     2323.720     2334.620
   205:     2350.740     2366.860
P:
     0:       10.110      383.070      548.410      575.660      862.810
     5:      878.930      942.130      958.250      974.370      990.490
    10:     1013.890     1081.230     1097.350     1113.470     1139.310
    15:     1155.430     1284.070     1328.050     1344.170     1360.290
    20:     1390.620     1435.520     1451.640     1475.550     1491.670
    25:     1517.000     1533.120     1549.240     1565.360     1581.480
    30:     1597.600     1613.720     1629.840     1645.960     1662.080
    35:     1678.200     1754.650     1770.770     1786.890     1822.610
    40:     1838.730     1854.850     1870.970     1899.060     1915.180
    45:     1931.300     1957.390     2018.080     2056.550     2085.550
    50:     2101.670     2217.960     2244.380     2260.500     2276.620
    55:     2292.740     2308.860     2344.730     2360.850
Q:
     0:       17.410       52.670       68.040       74.740       81.360
     5:       88.360      107.190      123.490      158.520      186.500
    10:      193.480      215.740      240.200      248.560      255.390
    15:      267.740      285.840      292.490      308.830      325.600
    20:      351.440      389.840      398.590      405.550      432.670
    25:      439.730      446.880      469.250      482.320      501.790
    30:      510.310      532.290      559.540      589.880      605.240
    35:      612.380      620.270      631.750      638.770      648.870
    40:      664.860      839.640      846.690      889.750      899.120
    45:      919.100      997.770     1021.150     1042.520     1123.190
    50:     1180.920     1190.890     1202.440     1209.540     1217.600
    55:     1225.870     1243.480     1311.930     1405.160     1419.400
    60:     1459.430     1500.880     1686.710     1695.370     1701.830
    65:     1721.350     1729.400     1882.940     1966.950     1991.190
    70:     2001.960     2025.500     2112.920     2144.030     2154.290
    75:     2317.710     2328.610     2371.980
S:
     0:      678.880      692.890      706.900      762.410      776.420
     5:      790.430      804.440      818.450
V:
     0:       27.720       37.640       44.220       60.340      100.280
     5:      116.740      130.510      137.250      144.650      151.170
    10:      167.760      179.820      200.900      208.220      226.890
    15:      233.580      276.820      302.240      318.000      337.420
    20:      344.870      358.480      366.950      415.530      424.790
    25:      457.760      492.050      523.780      715.100      724.400
    30:      737.210      746.380      827.430      831.450      905.610
    35:      926.010     1031.800     1051.480     1065.110     1164.900
    40:     1232.660     1257.020     1267.950     1294.750     1303.310
    45:     1374.500     1708.870     1738.530     1796.930     1806.490
    50:     1941.270     1974.500     1983.400     2040.430     2069.430
    55:     2123.620     2130.610     2164.040     2173.400     2187.650
    60:     2201.840     2228.260
