File: C:\MED-PC\Data\2023-11-29_12h16m_Subject 452.txt


Start Date: 11/29/23
End Date: 11/29/23
Subject: 452
Experiment: UCMS2HGF_R
Group: 
Box: 11
Start Time: 12:16:03
End Time: 13:16:11
MSN: 23Nov_C_ICNB_OMIT_LD_FR1_BothActive_(wOmit_Retract)
A:      70.000
B:     278.000
C:       0.000
D:      41.000
F:       0.000
G:       0.000
H:       0.000
J:       1.000
K:      12.000
L:      36.000
M:       0.000
N:  360001.000
O:       0.000
R:       0.000
S:       0.000
T:       0.000
U:       1.000
W:       0.000
X:      29.000
Y:       0.000
Z:       0.000
E:
     0:        5.340       18.770       30.570       43.450       57.870
     5:       71.720       82.910      101.640      113.630      124.340
    10:      157.640      168.930      257.010      274.580      299.800
    15:      310.400      329.130      343.670      356.060      369.110
    20:      442.010      463.920      477.210      488.150      509.500
    25:      515.340      526.110      544.250      560.190      608.440
    30:      620.700      914.670      924.800      936.480     1069.530
    35:     1542.760
I:
     0:        0.000        0.100       14.690       27.940       39.000
     5:       52.560       67.220       80.460       91.990      110.990
    10:      122.690      133.520      153.640      164.240      177.730
    15:      193.800      213.920      234.040      254.160      265.940
    20:      277.670      297.790      308.910      319.530      338.240
    25:      352.690      365.240      378.540      398.660      418.780
    30:      438.900      450.970      462.290      473.190      486.390
    35:      497.480      513.830      524.570      535.140      545.810
    40:      556.900      569.140      584.590      604.710      617.700
    45:      629.650      646.190      666.310      686.430      706.550
    50:      726.670      746.790      766.910      787.030      807.150
    55:      827.270      847.390      867.510      887.630      907.750
    60:      923.240      934.030      945.840      965.960      986.080
    65:     1006.200     1026.320     1046.440     1066.560     1077.010
    70:     1091.010        0.000        0.000        0.000        0.000
    75:        0.000        0.000        0.000        0.000        0.000
    80:        0.000        0.000        0.000        0.000        0.000
    85:        0.000        0.000        0.000        0.000        0.000
    90:        0.000        0.000        0.000        0.000        0.000
    95:        0.000        0.000        0.000        0.000        0.000
   100:        0.000        0.000        0.000        0.000        0.000
   105:        0.000        0.000        0.000        0.000        0.000
   110:        0.000        0.000        0.000        0.000        0.000
   115:        0.000        0.000        0.000        0.000        0.000
   120:        0.000
P:
     0:        0.000        0.000        0.000        0.000        0.000
     5:        0.000        0.000        0.000        0.000        0.000
    10:        0.000        0.000        0.000        0.000        0.000
    15:        0.000        0.000        0.000        0.000        0.000
    20:        0.000        0.000        0.000        0.000        0.000
    25:        0.000        0.000        0.000        0.000        0.000
    30:        0.000        0.000        0.000        0.000        0.000
    35:        0.000        0.000        0.000        0.000        0.000
    40:        0.000        0.000        0.000        0.000        0.000
    45:        0.000        0.000        0.000        0.000        0.000
    50:        0.000        0.000        0.000        0.000        0.000
    55:        0.000        0.000        0.000        0.000        0.000
    60:        0.000        0.000        0.000        0.000        0.000
    65:        0.000        0.000        0.000        0.000        0.000
    70:        0.000        0.000        0.000        0.000        0.000
    75:        0.000        0.000        0.000        0.000        0.000
    80:        0.000
Q:
     0:     1067.000        0.000        0.000        0.000        0.000
     5:        0.000        0.000        0.000        0.000        0.000
    10:        0.000        0.000        0.000        0.000        0.000
    15:        0.000        0.000        0.000        0.000        0.000
    20:        0.000        0.000        0.000        0.000        0.000
    25:        0.000        0.000        0.000        0.000        0.000
    30:        0.000        0.000        0.000        0.000        0.000
    35:        0.000        0.000        0.000        0.000        0.000
    40:        0.000        0.000        0.000        0.000        0.000
    45:        0.000        0.000        0.000        0.000        0.000
    50:        0.000        0.000        0.000        0.000        0.000
    55:        0.000        0.000        0.000        0.000        0.000
    60:        0.000        0.000        0.000        0.000        0.000
    65:        0.000        0.000        0.000        0.000        0.000
    70:        0.000        0.000        0.000        0.000        0.000
    75:        0.000        0.000        0.000        0.000        0.000
    80:        0.000        0.000        0.000        0.000        0.000
    85:        0.000        0.000        0.000        0.000        0.000
    90:        0.000        0.000        0.000        0.000        0.000
    95:        0.000        0.000        0.000        0.000        0.000
   100:        0.000        0.000        0.000        0.000        0.000
   105:        0.000        0.000        0.000        0.000        0.000
   110:        0.000        0.000        0.000        0.000        0.000
   115:        0.000        0.000        0.000        0.000        0.000
   120:        0.000
V:
     0:     1081.000        0.000        0.000        0.000        0.000
     5:        0.000        0.000        0.000        0.000        0.000
    10:        0.000        0.000        0.000        0.000        0.000
    15:        0.000        0.000        0.000        0.000        0.000
    20:        0.000        0.000        0.000        0.000        0.000
    25:        0.000        0.000        0.000        0.000        0.000
    30:        0.000        0.000        0.000        0.000        0.000
    35:        0.000        0.000        0.000        0.000        0.000
    40:        0.000        0.000        0.000        0.000        0.000
    45:        0.000        0.000        0.000        0.000        0.000
    50:        0.000        0.000        0.000        0.000        0.000
    55:        0.000        0.000        0.000        0.000        0.000
    60:        0.000        0.000        0.000        0.000        0.000
    65:        0.000        0.000        0.000        0.000        0.000
    70:        0.000        0.000        0.000        0.000        0.000
    75:        0.000        0.000        0.000        0.000        0.000
    80:        0.000        0.000        0.000        0.000        0.000
    85:        0.000        0.000        0.000        0.000        0.000
    90:        0.000        0.000        0.000        0.000        0.000
    95:        0.000        0.000        0.000        0.000        0.000
   100:        0.000        0.000        0.000        0.000        0.000
   105:        0.000        0.000        0.000        0.000        0.000
   110:        0.000        0.000        0.000        0.000        0.000
   115:        0.000        0.000        0.000        0.000        0.000
   120:        0.000
