File: C:\MED-PC\Data\2024-09-18_11h14m_Subject 5.2.txt


Start Date: 09/18/24
End Date: 09/18/24
Subject: 5.2
Experiment: 
Group: 
Box: 9
Start Time: 11:14:44
End Time: 12:02:33
MSN: 23Nov_B_ICNB_LD_FR1_BothActive_(wRetraction)_60min_80reward_b
B:       0.000
C:       0.000
D:      80.000
F:      44.000
G:      36.000
H:       2.000
J:       0.000
K:      44.000
L:      48.000
M:       0.000
N:  240708.000
O:       1.000
P:       0.000
R:       0.000
S:       0.000
T:       0.000
U:       0.000
W:       1.000
X:      36.000
Y:       0.000
Z:       0.000
A:
     0:        0.000       80.000        0.000        0.000
E:
     0:       19.260       61.550       75.620       99.450      154.770
     5:      208.120      224.550      290.050      319.830      364.830
    10:      392.540      415.050      450.400      574.630      609.790
    15:      683.910      703.500      762.930      795.960      826.170
    20:      890.180      950.770      963.120      985.950     1011.320
    25:     1038.110     1061.190     1092.890     1155.040     1208.760
    30:     1258.950     1297.590     1320.160     1346.260     1404.760
    35:     1427.680     1470.120     1506.210     1554.970     1714.980
    40:     1778.840     1829.860     1856.770     1910.250     1979.670
    45:     2082.630     2191.470     2255.910
I:
     0:        0.000       14.320       54.050       79.640      106.090
     5:      139.930      214.120      228.150      285.450      324.870
    10:      337.900      395.830      421.990      433.160      452.020
    15:      562.210      617.140      680.330      699.410      750.490
    20:      763.530      799.560      815.200      863.670      875.470
    25:      941.410      952.930      966.830      980.740     1017.710
    30:     1044.930     1060.410     1080.890     1147.400     1161.930
    35:     1203.640     1232.210     1286.110     1317.160     1346.320
    40:     1374.440     1399.690     1411.630     1434.340     1464.160
    45:     1494.220     1526.850     1537.560     1555.990     1655.160
    50:     1673.320     1700.450     1753.360     1767.440     1779.850
    55:     1810.800     1859.410     1881.410     1916.270     1967.150
    60:     1981.740     2006.910     2025.940     2048.650     2069.780
    65:     2085.130     2122.650     2139.720     2176.110     2189.750
    70:     2208.340     2234.730     2248.140     2259.070     2311.800
    75:     2329.520     2340.190     2355.160     2372.830     2403.820
Q:
     0:       69.620       96.070      129.910      204.100      275.430
     5:      385.810      423.140      442.000      670.310      805.180
    10:      865.450      970.720     1007.690     1070.870     1137.380
    15:     1193.620     1222.190     1307.140     1364.420     1401.610
    20:     1424.320     1454.140     1484.200     1545.970     1663.300
    25:     1849.390     1871.390     1957.130     1971.720     2015.920
    30:     2038.630     2112.630     2198.320     2224.710     2393.800
    35:     2407.060
V:
     0:        4.300       44.030      218.130      314.850      327.880
     5:      411.970      552.190      607.120      689.390      740.470
    10:      753.510      789.540      853.650      931.390      942.910
    15:      956.810     1034.910     1050.390     1151.910     1276.090
    20:     1336.300     1389.670     1516.830     1527.540     1645.140
    25:     1690.430     1743.340     1757.420     1769.830     1800.780
    30:     1906.250     1996.890     2059.760     2075.110     2129.700
    35:     2166.090     2179.730     2238.120     2249.050     2301.780
    40:     2319.500     2330.170     2345.140     2362.810
