File: C:\MED-PC\Data\2024-09-20_09h56m_Subject 1.2.txt


Start Date: 09/20/24
End Date: 09/20/24
Subject: 1.2
Experiment: 
Group: 
Box: 2
Start Time: 09:56:54
End Time: 10:23:52
MSN: 23Nov_C2_omitseparated_ICNB_OMIT_LD_FR1_BothActive_(wOmit_Retract)
C:       0.000
D:      80.000
F:      32.000
G:      48.000
H:       3.000
J:       0.000
K:      32.000
L:      78.000
M:       0.000
N:  111965.000
O:       0.000
R:       0.000
T:       0.000
U:       0.000
W:       1.000
X:      48.000
Y:       0.000
Z:       0.000
A:
     0:        0.000       85.000        0.000        1.000
B:
     0:        0.000        5.000        3.000
E:
     0:       34.690       46.020       57.410       67.520       81.580
     5:      112.480      123.330      133.860      144.970      155.330
    10:      169.930      186.240      199.180      209.380      222.510
    15:      233.990      243.230      254.190      284.830      302.780
    20:      312.740      324.820      336.900      345.830      375.930
    25:      386.820      397.310      408.520      420.390      429.340
    30:      440.570      452.470      466.150      474.990      486.090
    35:      496.780      507.240      517.540      542.340      556.970
    40:      575.250      585.870      600.850      612.860      623.210
    45:      636.280      644.570      655.260      666.010      684.710
    50:      699.240      736.760      755.200      765.030      776.010
    55:      787.600      797.380      809.960      819.550      829.860
    60:      908.830      919.460      932.630      944.180      955.380
    65:      967.550      977.730      989.460     1007.220     1016.650
    70:     1028.120     1038.400     1049.220     1059.430     1070.690
    75:     1083.240     1094.350     1107.790
I:
     0:        0.000       20.120       40.240       54.920       65.710
     5:       76.720       90.630      110.750      121.670      132.340
    10:      142.990      153.970      164.460      178.990      195.180
    15:      207.920      218.420      230.690      241.660      252.250
    20:      262.880      283.000      293.810      311.470      321.940
    25:      333.430      343.990      354.320      374.440      385.120
    30:      395.710      406.480      417.350      427.920      438.470
    35:      449.630      460.980      472.820      483.620      494.460
    40:      504.960      516.110      526.710      537.040      551.500
    45:      566.290      584.170      594.890      609.200      619.920
    50:      632.250      643.170      653.820      664.300      674.850
    55:      693.900      708.100      728.220      745.930      763.860
    60:      774.390      785.060      795.390      806.450      818.130
    65:      828.650      839.110      918.270      928.710      941.190
    70:      953.230      964.750      976.140      986.810      998.980
    75:     1015.470     1026.020     1037.000     1047.740     1058.330
    80:     1068.760     1079.500     1092.260     1103.160     1117.100
P:
     0:       10.110      100.740      272.990      364.430      718.210
Q:
     0:       44.910       66.710      111.660      122.330      132.980
     5:      143.960      154.450      168.980      231.650      242.240
    10:      252.870      283.800      311.930      323.420      333.980
    15:      344.310      375.110      407.340      417.910      428.460
    20:      527.030      541.490      556.280      574.160      584.880
    25:      609.910      643.810      654.290      664.840      698.090
    30:      735.920      753.850      764.380      775.050      785.380
    35:      796.440      808.120      818.640      829.090     1005.460
    40:     1016.010     1026.990     1037.730     1058.750     1069.490
    45:     1093.150     1107.090     1119.630
S:
     0:      849.120      869.130      889.140
V:
     0:       30.230       55.700       80.620      185.170      197.910
     5:      208.410      220.680      301.460      385.700      396.470
    10:      439.620      450.970      462.810      473.610      484.450
    15:      494.950      506.100      516.700      599.190      622.240
    20:      633.160      683.890      908.250      918.690      931.170
    25:      943.210      954.730      966.130      976.800      988.970
    30:     1048.320     1082.250
