File: C:\MED-PC\Data\2024-09-18_11h14m_Subject 5.4.txt


Start Date: 09/18/24
End Date: 09/18/24
Subject: 5.4
Experiment: 
Group: 
Box: 11
Start Time: 11:14:44
End Time: 12:00:16
MSN: 23Nov_B_ICNB_LD_FR1_BothActive_(wRetraction)_60min_80reward_b
B:       0.000
C:       0.000
D:      80.000
F:      55.000
G:      25.000
H:       0.000
J:       0.000
K:      55.000
L:      74.000
M:       0.000
N:  227030.000
O:       1.000
P:       0.000
R:       0.000
S:       0.000
T:       0.000
U:       3.000
W:       1.000
X:      25.000
Y:       0.000
Z:       0.000
A:
     0:        0.000       80.000        2.000        0.000
E:
     0:       10.120       90.770      158.100      202.410      218.360
     5:      270.130      292.490      322.150      349.120      369.030
    10:      429.950      442.530      489.520      528.010      550.990
    15:      572.340      592.100      844.590      888.510      932.800
    20:      948.040      971.890     1022.180     1037.470     1070.770
    25:     1093.790     1106.540     1116.220     1131.580     1149.930
    30:     1188.870     1201.440     1215.050     1230.710     1250.900
    35:     1263.550     1303.780     1316.530     1347.770     1361.310
    40:     1374.720     1391.910     1410.060     1451.340     1555.570
    45:     1566.500     1581.410     1591.850     1609.010     1619.810
    50:     1630.930     1664.350     1673.070     1684.340     1708.440
    55:     1732.870     1743.950     1756.400     1800.470     1813.480
    60:     1833.000     1840.690     1878.360     1902.760     1983.080
    65:     2001.150     2012.140     2050.010     2063.540     2169.360
    70:     2179.080     2196.220     2201.790     2232.670
I:
     0:        0.000       15.270       97.260      159.470      202.330
     5:      226.610      278.360      300.710      330.390      355.450
    10:      377.210      435.410      451.080      494.980      536.660
    15:      558.400      580.800      591.850      846.390      894.070
    20:      937.100      955.250      979.850     1030.720     1044.920
    25:     1074.910     1101.590     1114.030     1124.950     1140.350
    30:     1158.570     1196.950     1208.310     1223.690     1239.470
    35:     1255.680     1272.280     1311.560     1325.250     1356.700
    40:     1368.250     1382.700     1400.000     1417.080     1459.700
    45:     1551.440     1563.070     1575.140     1589.940     1600.540
    50:     1616.370     1627.880     1638.220     1670.560     1681.350
    55:     1693.010     1716.960     1734.750     1752.650     1765.410
    60:     1807.550     1822.010     1835.150     1849.060     1887.110
    65:     1911.510     1973.910     2009.610     2020.810     2043.330
    70:     2059.010     2072.210     2107.990     2125.710     2137.650
    75:     2187.580     2198.890     2209.930     2226.730     2241.290
Q:
     0:       87.240      192.310      268.340      581.830      836.370
     5:      884.050      927.080      945.230     1034.900     1064.890
    10:     1198.290     1407.060     1449.680     1541.420     1553.050
    15:     1565.120     1617.860     1706.940     1724.730     1825.130
    20:     2033.310     2097.970     2127.630     2188.870     2199.910
V:
     0:        5.250      149.450      216.590      290.690      320.370
     5:      345.430      367.190      425.390      441.060      484.960
    10:      526.640      548.380      570.780      969.830     1020.700
    15:     1091.570     1104.010     1114.930     1130.330     1148.550
    20:     1186.930     1213.670     1229.450     1245.660     1262.260
    25:     1301.540     1315.230     1346.680     1358.230     1372.680
    30:     1389.980     1579.920     1590.520     1606.350     1628.200
    35:     1660.540     1671.330     1682.990     1742.630     1755.390
    40:     1797.530     1811.990     1839.040     1877.090     1901.490
    45:     1963.890     1999.590     2010.790     2048.990     2062.190
    50:     2115.690     2177.560     2216.710     2231.270     2270.280
