File: C:\MED-PC\Data\2023-11-26_12h34m_Subject 375.txt


Start Date: 11/26/23
End Date: 11/26/23
Subject: 375
Experiment: UCMS2HGF
Group: 
Box: 4
Start Time: 12:34:09
End Time: 12:55:58
MSN: 23Nov_C_ICNB_OMIT_LD_FR1_BothActive_(wOmit_Retract)
A:      93.000
B:      13.000
C:       0.000
D:      80.000
F:       0.000
G:       0.000
H:       0.000
J:       0.000
K:      46.000
L:      64.000
M:       0.000
N:  130339.000
O:       0.000
R:       0.000
S:       0.000
T:       0.000
U:       4.000
W:       1.000
X:      34.000
Y:       0.000
Z:       0.000
E:
     0:        1.510       16.140       26.570       36.360       47.300
     5:       59.230       70.650       83.100       94.180      105.060
    10:      120.330      134.510      150.840      161.250      196.900
    15:      208.550      220.280      234.270      269.310      280.680
    20:      298.290      309.290      327.600      343.240      356.540
    25:      392.310      406.330      421.620      453.620      465.160
    30:      515.960      527.130      538.790      550.160      561.580
    35:      574.320      593.480      624.810      636.800      647.470
    40:      659.520      670.620      683.110      693.940      715.110
    45:      723.760      765.100      804.390      822.110      869.520
    50:      892.970      933.340      956.640      979.840     1028.890
    55:     1071.730     1115.910     1150.440     1159.250     1183.870
    60:     1207.130     1266.910     1278.970     1289.300
I:
     0:        0.000        0.100       10.850       24.460       35.310
     5:       45.830       56.640       68.350       80.110       92.480
    10:      103.600      114.210      129.720      142.120      159.320
    15:      170.630      190.750      206.000      217.310      229.550
    20:      243.370      263.490      278.090      290.030      307.790
    25:      318.720      336.270      351.960      366.020      386.140
    30:      401.800      415.370      428.990      449.110      463.220
    35:      473.960      494.080      514.200      525.290      536.550
    40:      548.100      559.630      570.980      583.710      602.940
    45:      623.060      634.190      645.850      656.590      668.870
    50:      679.640      692.000      702.720      713.290      730.040
    55:      740.710      755.300      765.980      783.310      801.980
    60:      820.150      831.460      851.580      863.680      877.060
    65:      889.780      901.810      912.280      923.780      942.620
    70:      954.400      965.820      979.870      992.070     1004.560
    75:     1017.470     1031.040     1050.010     1070.130     1090.250
    80:     1107.890     1124.950     1145.070     1157.870     1168.350
    85:     1181.050     1191.490     1202.930     1216.340     1232.330
    90:     1252.450     1272.570     1287.770     1298.240        0.000
    95:        0.000        0.000        0.000        0.000        0.000
   100:        0.000        0.000        0.000        0.000        0.000
   105:        0.000        0.000        0.000        0.000        0.000
   110:        0.000        0.000        0.000        0.000        0.000
   115:        0.000        0.000        0.000        0.000        0.000
   120:        0.000
P:
     0:        0.000        0.000        0.000        0.000        0.000
     5:        0.000        0.000        0.000        0.000        0.000
    10:        0.000        0.000        0.000        0.000        0.000
    15:        0.000        0.000        0.000        0.000        0.000
    20:        0.000        0.000        0.000        0.000        0.000
    25:        0.000        0.000        0.000        0.000        0.000
    30:        0.000        0.000        0.000        0.000        0.000
    35:        0.000        0.000        0.000        0.000        0.000
    40:        0.000        0.000        0.000        0.000        0.000
    45:        0.000        0.000        0.000        0.000        0.000
    50:        0.000        0.000        0.000        0.000        0.000
    55:        0.000        0.000        0.000        0.000        0.000
    60:        0.000        0.000        0.000        0.000        0.000
    65:        0.000        0.000        0.000        0.000        0.000
    70:        0.000        0.000        0.000        0.000        0.000
    75:        0.000        0.000        0.000        0.000        0.000
    80:        0.000
Q:
     0:     1206.240        0.000        0.000        0.000        0.000
     5:        0.000        0.000        0.000        0.000        0.000
    10:        0.000        0.000        0.000        0.000        0.000
    15:        0.000        0.000        0.000        0.000        0.000
    20:        0.000        0.000        0.000        0.000        0.000
    25:        0.000        0.000        0.000        0.000        0.000
    30:        0.000        0.000        0.000        0.000        0.000
    35:        0.000        0.000        0.000        0.000        0.000
    40:        0.000        0.000        0.000        0.000        0.000
    45:        0.000        0.000        0.000        0.000        0.000
    50:        0.000        0.000        0.000        0.000        0.000
    55:        0.000        0.000        0.000        0.000        0.000
    60:        0.000        0.000        0.000        0.000        0.000
    65:        0.000        0.000        0.000        0.000        0.000
    70:        0.000        0.000        0.000        0.000        0.000
    75:        0.000        0.000        0.000        0.000        0.000
    80:        0.000        0.000        0.000        0.000        0.000
    85:        0.000        0.000        0.000        0.000        0.000
    90:        0.000        0.000        0.000        0.000        0.000
    95:        0.000        0.000        0.000        0.000        0.000
   100:        0.000        0.000        0.000        0.000        0.000
   105:        0.000        0.000        0.000        0.000        0.000
   110:        0.000        0.000        0.000        0.000        0.000
   115:        0.000        0.000        0.000        0.000        0.000
   120:        0.000
V:
     0:     1303.380        0.000        0.000        0.000        0.000
     5:        0.000        0.000        0.000        0.000        0.000
    10:        0.000        0.000        0.000        0.000        0.000
    15:        0.000        0.000        0.000        0.000        0.000
    20:        0.000        0.000        0.000        0.000        0.000
    25:        0.000        0.000        0.000        0.000        0.000
    30:        0.000        0.000        0.000        0.000        0.000
    35:        0.000        0.000        0.000        0.000        0.000
    40:        0.000        0.000        0.000        0.000        0.000
    45:        0.000        0.000        0.000        0.000        0.000
    50:        0.000        0.000        0.000        0.000        0.000
    55:        0.000        0.000        0.000        0.000        0.000
    60:        0.000        0.000        0.000        0.000        0.000
    65:        0.000        0.000        0.000        0.000        0.000
    70:        0.000        0.000        0.000        0.000        0.000
    75:        0.000        0.000        0.000        0.000        0.000
    80:        0.000        0.000        0.000        0.000        0.000
    85:        0.000        0.000        0.000        0.000        0.000
    90:        0.000        0.000        0.000        0.000        0.000
    95:        0.000        0.000        0.000        0.000        0.000
   100:        0.000        0.000        0.000        0.000        0.000
   105:        0.000        0.000        0.000        0.000        0.000
   110:        0.000        0.000        0.000        0.000        0.000
   115:        0.000        0.000        0.000        0.000        0.000
   120:        0.000
