File: C:\MED-PC\Data\2023-11-26_12h34m_Subject 411.txt


Start Date: 11/26/23
End Date: 11/26/23
Subject: 411
Experiment: UCMS2HGF
Group: 
Box: 8
Start Time: 12:34:09
End Time: 13:00:27
MSN: 23Nov_C_ICNB_OMIT_LD_FR1_BothActive_(wOmit_Retract)
A:     105.000
B:      25.000
C:       0.000
D:      80.000
F:       0.000
G:       0.000
H:       0.000
J:       0.000
K:      45.000
L:      54.000
M:       0.000
N:  157188.000
O:       0.000
R:       0.000
S:       0.000
T:       0.000
U:       1.000
W:       1.000
X:      35.000
Y:       0.000
Z:       0.000
E:
     0:       29.650       47.770       78.260       89.180      100.860
     5:      114.460      126.050      144.980      195.460      215.660
    10:      232.400      254.720      292.860      313.020      347.450
    15:      362.780      401.600      417.760      432.150      443.360
    20:      476.150      498.960      523.740      555.130      579.010
    25:      584.790      602.480      616.110      629.680      654.720
    30:      671.630      690.110      726.240      749.530      767.750
    35:      771.410      805.870      839.470      865.430      921.850
    40:      953.870      990.700     1044.730     1055.830     1170.830
    45:     1185.440     1202.190     1217.120     1254.280     1286.800
    50:     1390.230     1491.830     1523.860     1547.960
I:
     0:        0.000        0.100       20.220       38.830       55.970
     5:       76.090       87.570       98.260      110.130      123.610
    10:      134.990      153.070      173.190      193.310      204.860
    15:      224.980      241.700      253.410      263.850      274.180
    20:      290.210      302.080      321.870      332.500      352.620
    25:      366.840      386.960      398.970      410.930      421.920
    30:      440.840      452.260      466.640      486.760      503.390
    35:      521.820      533.110      553.230      564.270      578.610
    40:      593.680      611.690      625.340      638.650      649.210
    45:      669.330      680.820      699.350      710.100      721.730
    50:      734.220      753.390      764.710      780.760      800.880
    55:      814.560      825.040      835.750      847.720      866.220
    60:      886.340      906.460      919.860      930.690      944.280
    65:      954.860      967.400      980.480     1000.600     1020.720
    70:     1040.840     1054.000     1065.030     1085.150     1105.270
    75:     1125.390     1145.510     1165.630     1176.110     1193.580
    80:     1211.370     1224.020     1244.140     1261.950     1279.910
    85:     1293.590     1305.500     1316.390     1336.510     1348.650
    90:     1360.820     1371.200     1386.970     1397.390     1417.510
    95:     1428.740     1448.860     1459.400     1473.470     1487.820
   100:     1499.230     1519.350     1533.060     1544.490     1557.090
   105:     1567.580        0.000        0.000        0.000        0.000
   110:        0.000        0.000        0.000        0.000        0.000
   115:        0.000        0.000        0.000        0.000        0.000
   120:        0.000
P:
     0:        0.000        0.000        0.000        0.000        0.000
     5:        0.000        0.000        0.000        0.000        0.000
    10:        0.000        0.000        0.000        0.000        0.000
    15:        0.000        0.000        0.000        0.000        0.000
    20:        0.000        0.000        0.000        0.000        0.000
    25:        0.000        0.000        0.000        0.000        0.000
    30:        0.000        0.000        0.000        0.000        0.000
    35:        0.000        0.000        0.000        0.000        0.000
    40:        0.000        0.000        0.000        0.000        0.000
    45:        0.000        0.000        0.000        0.000        0.000
    50:        0.000        0.000        0.000        0.000        0.000
    55:        0.000        0.000        0.000        0.000        0.000
    60:        0.000        0.000        0.000        0.000        0.000
    65:        0.000        0.000        0.000        0.000        0.000
    70:        0.000        0.000        0.000        0.000        0.000
    75:        0.000        0.000        0.000        0.000        0.000
    80:        0.000
Q:
     0:     1557.480        0.000        0.000        0.000        0.000
     5:        0.000        0.000        0.000        0.000        0.000
    10:        0.000        0.000        0.000        0.000        0.000
    15:        0.000        0.000        0.000        0.000        0.000
    20:        0.000        0.000        0.000        0.000        0.000
    25:        0.000        0.000        0.000        0.000        0.000
    30:        0.000        0.000        0.000        0.000        0.000
    35:        0.000        0.000        0.000        0.000        0.000
    40:        0.000        0.000        0.000        0.000        0.000
    45:        0.000        0.000        0.000        0.000        0.000
    50:        0.000        0.000        0.000        0.000        0.000
    55:        0.000        0.000        0.000        0.000        0.000
    60:        0.000        0.000        0.000        0.000        0.000
    65:        0.000        0.000        0.000        0.000        0.000
    70:        0.000        0.000        0.000        0.000        0.000
    75:        0.000        0.000        0.000        0.000        0.000
    80:        0.000        0.000        0.000        0.000        0.000
    85:        0.000        0.000        0.000        0.000        0.000
    90:        0.000        0.000        0.000        0.000        0.000
    95:        0.000        0.000        0.000        0.000        0.000
   100:        0.000        0.000        0.000        0.000        0.000
   105:        0.000        0.000        0.000        0.000        0.000
   110:        0.000        0.000        0.000        0.000        0.000
   115:        0.000        0.000        0.000        0.000        0.000
   120:        0.000
V:
     0:     1571.870        0.000        0.000        0.000        0.000
     5:        0.000        0.000        0.000        0.000        0.000
    10:        0.000        0.000        0.000        0.000        0.000
    15:        0.000        0.000        0.000        0.000        0.000
    20:        0.000        0.000        0.000        0.000        0.000
    25:        0.000        0.000        0.000        0.000        0.000
    30:        0.000        0.000        0.000        0.000        0.000
    35:        0.000        0.000        0.000        0.000        0.000
    40:        0.000        0.000        0.000        0.000        0.000
    45:        0.000        0.000        0.000        0.000        0.000
    50:        0.000        0.000        0.000        0.000        0.000
    55:        0.000        0.000        0.000        0.000        0.000
    60:        0.000        0.000        0.000        0.000        0.000
    65:        0.000        0.000        0.000        0.000        0.000
    70:        0.000        0.000        0.000        0.000        0.000
    75:        0.000        0.000        0.000        0.000        0.000
    80:        0.000        0.000        0.000        0.000        0.000
    85:        0.000        0.000        0.000        0.000        0.000
    90:        0.000        0.000        0.000        0.000        0.000
    95:        0.000        0.000        0.000        0.000        0.000
   100:        0.000        0.000        0.000        0.000        0.000
   105:        0.000        0.000        0.000        0.000        0.000
   110:        0.000        0.000        0.000        0.000        0.000
   115:        0.000        0.000        0.000        0.000        0.000
   120:        0.000
