File: C:\MED-PC\Data\2024-09-19_11h10m_Subject 4.2.txt


Start Date: 09/19/24
End Date: 09/19/24
Subject: 4.2
Experiment: 
Group: 
Box: 7
Start Time: 11:10:25
End Time: 11:58:02
MSN: 23Nov_C2_omitseparated_ICNB_OMIT_LD_FR1_BothActive_(wOmit_Retract)
C:       0.000
D:      80.000
F:      33.000
G:      47.000
H:       5.000
J:       0.000
K:      33.000
L:      79.000
M:       0.000
N:  171153.000
O:       0.000
R:       0.000
T:       0.000
U:       0.000
W:       1.000
X:      47.000
Y:       0.000
Z:       0.000
A:
     0:        0.000      105.000        0.000        2.000
B:
     0:        0.000       25.000        8.000
E:
     0:       30.660      110.500      123.980      144.730      193.940
     5:      208.270      242.600      252.440      286.100      318.620
    10:      334.350      344.310      355.960      493.100      511.350
    15:      527.800      641.890      678.550      694.330      724.880
    20:      735.310      748.640      762.120      778.310      789.910
    25:      820.980      857.650      871.080      883.380      894.030
    30:      903.460      914.470      925.070      935.880      947.720
    35:      960.210      970.990     1025.560     1039.810     1093.070
    40:     1111.080     1143.160     1154.620     1166.650     1179.750
    45:     1188.550     1211.370     1220.610     1232.750     1246.170
    50:     1257.560     1269.100     1281.390     1302.560     1340.780
    55:     1398.880     1429.380     1441.640     1457.990     1464.790
    60:     1475.990     1488.270     1506.950     1522.160     1536.210
    65:     1547.040     1558.940     1572.210     1588.460     1593.660
    70:     1606.400     1615.640     1635.530     1642.850     1653.600
    75:     1667.600     1679.340     1689.570     1701.730
I:
     0:        0.000       20.120       38.400       58.520       78.640
     5:       98.760      118.760      131.960      150.960      171.080
    10:      191.200      202.440      217.250      237.370      250.540
    15:      261.100      281.220      292.110      312.230      327.690
    20:      340.900      351.950      365.370      385.490      405.610
    25:      425.730      445.850      465.970      486.090      501.380
    30:      517.970      533.470      553.590      573.710      593.830
    35:      613.950      634.070      649.460      669.580      686.080
    40:      702.260      722.380      733.870      744.550      756.220
    45:      770.900      787.100      797.870      817.990      829.710
    50:      849.830      863.170      878.470      889.230      901.950
    55:      912.510      923.190      933.970      945.030      956.650
    60:      967.400      980.220     1034.310     1048.080     1101.620
    65:     1120.300     1140.420     1151.680     1163.370     1175.070
    70:     1185.630     1197.730     1217.380     1227.820     1239.090
    75:     1254.630     1265.400     1277.400     1290.720     1309.580
    80:     1349.490     1407.290     1437.870     1450.440     1462.500
    85:     1473.670     1484.700     1496.630     1515.940     1530.340
    90:     1545.490     1556.170     1567.040     1579.930     1590.630
    95:     1601.620     1612.390     1624.490     1638.320     1651.390
   100:     1662.600     1676.160     1688.400     1699.060     1709.970
P:
     0:       10.110       48.510       68.630       88.750      161.070
     5:      181.190      227.360      271.210      302.220      375.480
    10:      395.600      415.720      435.840      455.960      476.080
    15:      543.580      563.700      583.820      603.940      624.060
    20:      659.570      712.370      807.980      839.820     1130.410
Q:
     0:      140.950      207.240      251.090      341.940      355.360
     5:      507.960      523.460      639.450      676.070      692.250
    10:      734.540      746.210      760.890      853.160      868.460
    15:      879.220      891.940      902.500      913.180      923.960
    20:      935.020      946.640      957.380     1175.620     1187.720
    25:     1207.370     1217.810     1229.080     1244.620     1255.390
    30:     1267.390     1280.710     1299.560     1520.330     1535.480
    35:     1546.160     1557.030     1569.920     1580.620     1591.610
    40:     1602.380     1628.310     1666.150     1678.390     1689.050
    45:     1699.960     1711.510
S:
     0:      990.230     1010.240     1058.090     1078.100     1319.590
     5:     1359.500     1379.510     1417.300
V:
     0:       28.390      108.750      121.950      192.430      240.530
     5:      282.100      317.680      330.890      491.370      723.860
    10:      777.090      787.860      819.700      970.200     1024.290
    15:     1038.060     1091.600     1110.280     1141.670     1153.360
    20:     1165.060     1339.470     1397.270     1427.850     1440.420
    25:     1452.480     1463.660     1474.690     1486.620     1505.930
    30:     1614.480     1641.380     1652.590
