File: C:\MED-PC\Data\2024-09-18_11h14m_Subject 3.2.txt


Start Date: 09/18/24
End Date: 09/18/24
Subject: 3.2
Experiment: 
Group: 
Box: 5
Start Time: 11:14:44
End Time: 12:20:50
MSN: 23Nov_B_ICNB_LD_FR1_BothActive_(wRetraction)_60min_80reward_b
B:       0.000
C:       0.000
D:      76.000
F:      29.000
G:      47.000
H:       4.000
J:       0.000
K:      29.000
L:      75.000
M:       0.000
N:  360001.000
O:       1.000
P:       0.000
R:       0.000
S:       0.000
T:       0.000
U:       0.000
W:       1.000
X:      47.000
Y:       0.000
Z:       0.000
A:
     0:        0.000       77.000        0.000        0.000
E:
     0:       91.390      283.550      312.320      362.140      400.210
     5:      508.490      587.970      773.760      809.850      904.990
    10:      933.760      973.300     1028.220     1081.740     1141.240
    15:     1261.440     1284.360     1425.000     1469.810     1540.850
    20:     1593.450     1632.550     1671.390     1683.220     1726.660
    25:     1775.550     1801.270     1822.480     1840.490     1863.020
    30:     1882.380     1904.720     1940.480     2007.690     2028.940
    35:     2070.880     2104.380     2286.470     2313.520     2360.740
    40:     2412.210     2669.430     2684.510     2771.070     2792.730
    45:     2804.830     2829.390     2847.660     2874.940     2911.430
    50:     2923.740     2938.990     2959.140     2978.470     2992.540
    55:     3006.060     3029.460     3043.800     3101.150     3146.910
    60:     3199.060     3238.970     3270.670     3303.700     3326.160
    65:     3334.550     3372.850     3393.310     3421.520     3471.910
    70:     3489.490     3502.190     3522.540     3542.250     3562.480
I:
     0:        0.000       94.490      260.780      305.160      318.990
     5:      361.220      392.310      501.710      583.040      777.150
    10:      805.890      900.900      935.320      978.070     1033.170
    15:     1081.010     1144.290     1262.860     1287.960     1422.980
    20:     1473.170     1544.860     1587.660     1637.500     1669.930
    25:     1692.030     1734.880     1779.020     1799.010     1821.750
    30:     1839.450     1863.580     1889.520     1908.810     1947.140
    35:     1991.700     2023.030     2075.910     2104.470     2287.700
    40:     2314.460     2358.290     2406.410     2670.000     2691.590
    45:     2772.320     2797.250     2809.920     2833.930     2853.490
    50:     2877.990     2899.790     2930.580     2942.240     2966.410
    55:     2985.580     2998.330     3011.950     3023.750     3049.460
    60:     3090.010     3154.990     3206.290     3245.100     3272.800
    65:     3303.160     3329.650     3342.060     3365.330     3394.670
    70:     3422.820     3474.610     3496.660     3509.010     3520.180
    75:     3549.860     3568.820
Q:
     0:       84.470      308.970      491.690      767.130      890.880
     5:      925.300      968.050     1023.150     1252.840     1463.150
    10:     1534.840     1659.910     1682.010     1769.000     1788.990
    15:     1829.430     1853.560     1879.500     1898.790     2013.010
    20:     2065.890     2094.450     2304.440     2348.270     2396.390
    25:     2659.980     2681.570     2799.900     2823.910     2867.970
    30:     2920.560     2932.220     2956.390     2988.310     3039.440
    35:     3144.970     3196.270     3262.780     3293.140     3332.040
    40:     3384.650     3412.800     3464.590     3498.990     3510.160
    45:     3539.840     3558.800
V:
     0:      250.760      295.140      351.200      382.290      573.020
     5:      795.870     1070.990     1134.270     1277.940     1412.960
    10:     1577.640     1627.480     1724.860     1811.730     1937.120
    15:     1981.680     2277.680     2762.300     2787.230     2843.470
    20:     2889.770     2975.560     3001.930     3013.730     3079.990
    25:     3235.080     3319.630     3355.310     3486.640
